index	gen	fam	infam	sir	dam	sex	F1	F2	C1	R1	Trait1	Trait2	Trait3	Trait4
1	1	1	1	0	0	1	L1	S2	0.75	R1	case	1.51118250716563	-0.546500558091239	-0.434643069395039
2	1	2	2	0	0	1	L2	S3	0.75	R1	control	1.79193073000707	1.4244122401215	2.00148948022796
3	1	3	3	0	0	1	L1	S3	0.7	R2	control	2.74134500413627	-0.8123530664232	1.93820583884886
4	1	4	4	0	0	1	L1	S3	0.9	R1	control	-0.601324215778323	2.83330968802207	2.61429770834859
5	1	5	5	0	0	1	L1	S3	0.7	R3	control	0.241542245609764	2.30160014497872	0.215961592839746
6	1	6	6	0	0	1	L2	S1	0.9	R2	control	-1.22710384619134	-1.04332259588281	2.20695232302507
7	1	7	7	0	0	1	L2	S2	0.75	R1	control	-0.301701584522675	0.870987397892721	1.96950936827973
8	1	8	8	0	0	1	L1	S3	0.7	R3	control	-0.404236357738313	0.426940447357735	0.280387766679336
9	1	9	9	0	0	1	L1	S2	0.75	R1	control	0.660737713570384	-0.0549855661900152	0.0230025800807046
10	1	10	10	0	0	1	L1	S2	0.75	R2	control	-0.465884884060187	1.21648876984623	-1.6919895573571
11	1	11	11	0	0	1	L1	S3	0.7	R2	control	-2.46958160773281	0.517390392929229	2.13230874699591
12	1	12	12	0	0	1	L1	S3	0.7	R2	control	-1.89957606979512	1.3821838295029	0.581049945565275
13	1	13	13	0	0	1	L2	S2	0.9	R1	control	2.17417721487659	0.354918293097889	1.44490831744758
14	1	14	14	0	0	1	L1	S2	0.7	R1	control	0.89296232189417	-0.14148981351963	2.08026195439263
15	1	15	15	0	0	1	L1	S2	0.9	R2	control	-3.71220071822391	-0.817021887196098	-1.33556449983201
16	1	16	16	0	0	1	L2	S2	0.9	R1	control	0.961291115351245	3.38628232368693	0.377157410037876
17	1	17	17	0	0	1	L2	S2	0.75	R3	control	2.62684921147568	0.779205291649272	0.684761594852757
18	1	18	18	0	0	1	L2	S2	0.75	R3	control	2.33247898276481	0.00650609770227056	1.28520032950132
19	1	19	19	0	0	1	L1	S1	0.75	R2	control	0.436509561026959	-2.37315082282022	2.30769769221595
20	1	20	20	0	0	1	L1	S1	0.75	R3	control	2.17983722269049	-2.11359965630264	-1.37625426373318
21	1	21	21	0	0	1	L1	S1	0.7	R3	control	-0.322141093280096	0.384445687113768	-1.15193715364794
22	1	22	22	0	0	1	L2	S1	0.7	R3	control	-0.855313681104815	0.849937702549995	0.264481187209987
23	1	23	23	0	0	1	L2	S2	0.75	R3	control	4.94493640546437	0.831778921888192	0.353758095251817
24	1	24	24	0	0	1	L2	S3	0.7	R2	control	-1.69540058496973	0.569016406609609	3.2081898632095
25	1	25	25	0	0	1	L1	S3	0.9	R1	control	1.90227224372336	0.861900354311256	3.35449628388318
26	1	26	26	0	0	1	L2	S3	0.75	R3	control	5.28167897304921	0.0175310163410481	0.950616305493856
27	1	27	27	0	0	1	L1	S1	0.9	R2	control	0.827136131352286	2.09928748209221	1.84974484222782
28	1	28	28	0	0	1	L2	S3	0.7	R1	control	0.750266794945011	2.80860698956678	1.288919852184
29	1	29	29	0	0	1	L1	S2	0.75	R2	control	-1.78319167051036	-1.28383972036065	1.22712623478886
30	1	30	30	0	0	1	L1	S2	0.7	R1	control	-1.50970896702373	0.846344574370881	2.90031720660225
31	1	31	31	0	0	1	L1	S3	0.7	R3	control	1.59315436559384	0.658118448952727	1.32736419598059
32	1	32	32	0	0	1	L1	S1	0.9	R3	control	-1.49828582684851	0.784860360539756	1.4108401402042
33	1	33	33	0	0	1	L1	S2	0.7	R1	control	0.0909638457378717	0.517460764033806	0.641323511002127
34	1	34	34	0	0	1	L2	S2	0.7	R1	control	3.4039512313945	0.979109076123513	-0.951318132853899
35	1	35	35	0	0	1	L2	S2	0.7	R3	control	-2.33773964926097	0.539494907974807	-0.176005652653212
36	1	36	36	0	0	1	L1	S1	0.75	R1	control	0.849361169315885	0.934370538411113	1.52633295007665
37	1	37	37	0	0	1	L2	S2	0.75	R1	control	4.95125341823032	0.300171364654775	0.661013577212738
38	1	38	38	0	0	1	L1	S2	0.75	R2	control	2.66515493921887	-2.93025905808343	2.23458012226336
39	1	39	39	0	0	1	L2	S3	0.9	R3	control	-0.189675768689554	0.453739545156578	-0.326666685766656
40	1	40	40	0	0	1	L2	S2	0.75	R3	control	4.39793405488507	-0.00604680851477246	0.564404598312716
41	1	41	41	0	0	1	L1	S3	0.9	R1	control	-2.7660558977003	1.14561665458222	1.27177750107172
42	1	42	42	0	0	1	L2	S2	0.7	R2	control	1.21616749396813	2.12341478289939	2.85374307559859
43	1	43	43	0	0	1	L2	S3	0.9	R3	control	-2.01564816515054	2.23170256033679	1.88067931809182
44	1	44	44	0	0	1	L2	S2	0.9	R3	control	1.05625381747905	-0.131718681622046	0.26613741739124
45	1	45	45	0	0	1	L2	S1	0.7	R2	control	-1.34087134753952	1.17281340151506	1.68195617642337
46	1	46	46	0	0	1	L1	S3	0.7	R1	control	-1.33131049382477	2.71165429873429	0.150747911485697
47	1	47	47	0	0	1	L1	S2	0.7	R2	control	2.28416536363617	0.262421875835423	1.48265336768325
48	1	48	48	0	0	1	L2	S1	0.7	R1	control	4.60497836066898	1.16184031074644	0.12495154855115
49	1	49	49	0	0	1	L2	S2	0.75	R2	control	-1.04975825320051	0.895453547523722	1.2034880159325
50	1	50	50	0	0	1	L2	S1	0.7	R3	control	1.29241990053871	2.56384955172707	0.077530566417578
51	1	51	51	0	0	1	L1	S3	0.9	R2	control	-0.0958099188867211	1.68414360712964	-0.416132827196821
52	1	52	52	0	0	1	L1	S2	0.7	R2	control	0.532332404999812	-1.52025785796755	0.362077212103858
53	1	53	53	0	0	1	L2	S2	0.75	R3	control	1.72563497519264	1.72134212970811	0.281296625668521
54	1	54	54	0	0	1	L1	S2	0.7	R3	control	1.72943009916372	0.299422537331667	1.49099914480302
55	1	55	55	0	0	1	L1	S1	0.7	R1	control	0.973857102007103	1.32181856331062	4.31606845646511
56	1	56	56	0	0	1	L2	S2	0.75	R1	control	1.80562126782798	0.244694497848064	0.214975972053362
57	1	57	57	0	0	1	L1	S3	0.7	R3	control	-0.171556792394605	2.89107148416814	-0.00317107573548474
58	1	58	58	0	0	1	L1	S2	0.7	R1	control	1.05390797497947	0.645207944649259	-1.29828887183554
59	1	59	59	0	0	1	L1	S3	0.7	R2	control	-1.01958977864513	1.92300077272342	2.86364261074248
60	1	60	60	0	0	1	L2	S3	0.9	R3	control	0.480374157742559	1.91522353910153	1.09014041878084
61	1	61	61	0	0	1	L1	S1	0.7	R3	control	-1.02748701651885	-0.495085700850921	0.156797444967183
62	1	62	62	0	0	1	L2	S3	0.7	R2	control	1.35929741797257	-1.21143521940392	2.66066213657789
63	1	63	63	0	0	1	L2	S2	0.7	R1	control	2.65119486925094	-0.442459786150847	2.39618841991843
64	1	64	64	0	0	1	L1	S3	0.75	R1	control	2.29048282089787	-0.114303953382592	0.214356547473034
65	1	65	65	0	0	1	L2	S3	0.9	R1	control	3.20564134796848	3.8928873319685	1.02822591587187
66	1	66	66	0	0	1	L2	S1	0.9	R1	control	0.878030215511197	2.09883105578436	1.29284485942844
67	1	67	67	0	0	1	L2	S1	0.75	R3	control	0.697802925153785	2.64589178921547	1.01027315872739
68	1	68	68	0	0	1	L1	S1	0.9	R3	control	1.95743852098146	1.53290784572142	0.0393207812824347
69	1	69	69	0	0	1	L2	S1	0.75	R3	control	1.96840397312359	1.32002675922974	-0.330329288120288
70	1	70	70	0	0	1	L1	S2	0.9	R2	control	-0.631607301048617	-0.719417069700262	0.73351624286161
71	1	71	71	0	0	1	L2	S2	0.75	R1	control	4.01397733566193	2.1904396815678	2.02157185699498
72	1	72	72	0	0	1	L2	S2	0.9	R3	control	1.00810543638236	2.46568519189696	0.549047545400648
73	1	73	73	0	0	1	L1	S1	0.75	R2	control	1.5007125196695	0.554603844530609	2.33528754349051
74	1	74	74	0	0	1	L2	S1	0.75	R2	control	0.147688215349434	-0.0980952280433506	0.773662066364192
75	1	75	75	0	0	1	L2	S2	0.9	R3	control	3.74713356129383	0.287875829701003	1.91832674830213
76	1	76	76	0	0	1	L2	S2	0.7	R3	control	4.12341214435894	-1.04686880448971	3.64386657493823
77	1	77	77	0	0	1	L2	S1	0.7	R3	control	0.199198389148852	-0.664205259165249	0.731030683246091
78	1	78	78	0	0	1	L2	S3	0.75	R3	control	2.90042434511794	-0.801087939520051	-0.272667379668747
79	1	79	79	0	0	1	L2	S2	0.75	R1	control	1.26985402823181	0.152989657182465	-0.940431646140084
80	1	80	80	0	0	1	L2	S2	0.7	R2	control	-1.22893568492223	2.44369066100596	-0.0433716857515919
81	1	81	81	0	0	1	L2	S1	0.75	R2	control	-0.85697908023941	-0.123833491268977	3.34665042116229
82	1	82	82	0	0	1	L1	S2	0.75	R2	control	0.208293389501532	1.74063312971122	1.20815357706295
83	1	83	83	0	0	1	L2	S2	0.9	R1	control	1.84837052562806	1.10927650143555	2.03648240123668
84	1	84	84	0	0	1	L1	S1	0.7	R2	control	0.157863308155839	-0.64725028919915	2.06232274412864
85	1	85	85	0	0	1	L2	S2	0.75	R2	control	-0.99140266731423	2.69027976804684	0.548928178315059
86	1	86	86	0	0	1	L2	S2	0.9	R3	control	-0.376985380852303	-2.5449485844098	-0.279000518074811
87	1	87	87	0	0	1	L2	S1	0.9	R2	control	-0.825440530794802	2.52610543976564	1.08593777418526
88	1	88	88	0	0	1	L1	S1	0.9	R1	control	0.84155229694306	-0.662771523268105	0.5775214055537
89	1	89	89	0	0	1	L1	S3	0.75	R1	control	1.43551474890717	1.62863728407488	0.221237685273762
90	1	90	90	0	0	1	L2	S2	0.7	R1	control	3.16590377674665	0.936376624746517	0.852862188565481
91	1	91	91	0	0	1	L1	S1	0.75	R3	case	-0.318226487682779	-2.27334195165551	1.25053284106513
92	1	92	92	0	0	1	L2	S1	0.9	R2	control	1.4195842191681	1.104052279248	0.775201365945233
93	1	93	93	0	0	1	L2	S1	0.7	R3	control	2.5974666556048	2.04311562528785	-0.720319449411932
94	1	94	94	0	0	1	L2	S3	0.75	R1	control	3.13717687175706	3.04814029239352	1.44968178008348
95	1	95	95	0	0	1	L1	S3	0.7	R2	control	-2.07408177331874	-0.909215079357075	-0.24158329880922
96	1	96	96	0	0	1	L1	S3	0.75	R1	control	-2.08827612944275	1.52843135512208	0.318251115437847
97	1	97	97	0	0	1	L1	S2	0.9	R2	control	-1.10357885728662	3.59628516958976	0.939189590380719
98	1	98	98	0	0	1	L1	S1	0.75	R1	control	1.83543206789244	-2.29409874753464	1.05022055863084
99	1	99	99	0	0	1	L2	S3	0.9	R1	control	5.03582864492561	1.77822119011879	1.58597995911442
100	1	100	100	0	0	1	L1	S1	0.75	R1	control	1.51333512380595	1.32150635806652	0.852348890648222
101	1	101	101	0	0	1	L1	S1	0.7	R2	control	1.32439218503161	1.56440315204009	1.40978802918724
102	1	102	102	0	0	1	L2	S2	0.7	R1	control	4.29935748447185	1.24964392599627	3.35829232588253
103	1	103	103	0	0	1	L2	S2	0.75	R2	case	1.06548175020183	0.897336984465924	2.33196659674679
104	1	104	104	0	0	1	L2	S3	0.9	R3	control	-1.20443717693421	0.0151407055230628	1.31232320611601
105	1	105	105	0	0	1	L1	S3	0.75	R1	case	2.81439438522748	-0.861226384137221	2.09141347835817
106	1	106	106	0	0	1	L1	S1	0.7	R1	control	-1.7459498128949	2.67732998294515	0.647832096857379
107	1	107	107	0	0	1	L2	S1	0.75	R2	control	-1.30571217436698	2.72755072032621	0.418857883670541
108	1	108	108	0	0	1	L2	S1	0.9	R2	control	1.64732608841603	1.65477778991526	0.587918590496883
109	1	109	109	0	0	1	L2	S2	0.75	R1	control	1.26248740419416	0.895791586348946	0.75050765685304
110	1	110	110	0	0	1	L2	S2	0.75	R3	control	0.384521907998748	0.338264805017215	0.245076460783915
111	1	111	111	0	0	1	L2	S2	0.75	R2	control	2.05018673579293	0.129108636146544	-1.20285105098138
112	1	112	112	0	0	1	L1	S3	0.9	R1	control	2.21832881131595	1.99109161431855	0.97977409298851
113	1	113	113	0	0	1	L2	S2	0.7	R2	control	-0.562435369703716	-0.476592776616863	-0.719348208549448
114	1	114	114	0	0	1	L1	S1	0.7	R3	control	-1.18011346989	-0.585923258894977	-0.907259014765459
115	1	115	115	0	0	1	L2	S2	0.7	R1	control	-0.669576379150087	1.06885434239287	2.3290787373054
116	1	116	116	0	0	1	L1	S2	0.75	R2	control	-4.15622620546393	-1.81848588518082	0.627298881171506
117	1	117	117	0	0	1	L1	S2	0.7	R1	control	4.46585931500321	1.61269419103395	-1.44898960555249
118	1	118	118	0	0	1	L1	S3	0.9	R2	control	1.83949258503631	1.84117434736399	0.433244183592261
119	1	119	119	0	0	1	L2	S3	0.75	R1	control	5.26951325876332	0.797418402355856	1.19577924645855
120	1	120	120	0	0	1	L1	S1	0.7	R3	control	2.43562309194033	0.550841235675562	0.12223077333994
121	1	121	121	0	0	1	L2	S2	0.7	R1	control	5.03308833950052	1.53619584077014	3.22199264180088
122	1	122	122	0	0	1	L2	S1	0.9	R2	control	1.89543821241097	-1.76266363931134	0.222271062096093
123	1	123	123	0	0	1	L1	S2	0.9	R2	control	0.824518305292533	1.9571224983128	1.68732220712825
124	1	124	124	0	0	1	L2	S2	0.7	R2	control	0.703957669148814	1.28435055541128	1.85234175572055
125	1	125	125	0	0	1	L1	S3	0.75	R2	control	0.0105939913433332	0.462462673024581	3.29756557953852
126	1	126	126	0	0	1	L2	S2	0.7	R1	control	0.397762411878919	2.16861519721455	2.47173503896191
127	1	127	127	0	0	1	L1	S1	0.9	R1	control	2.7005905081641	1.09826577229604	0.782319255839744
128	1	128	128	0	0	1	L2	S2	0.7	R2	control	0.941835116249306	-2.92604245095341	-0.13360496637215
129	1	129	129	0	0	1	L2	S3	0.75	R2	control	0.254396248628261	-0.504549352347131	2.33543938858129
130	1	130	130	0	0	1	L1	S2	0.9	R1	control	-1.06952734724349	2.45408811038351	0.882489411924344
131	1	131	131	0	0	1	L2	S3	0.7	R2	control	-0.670784126450171	-0.937442198788541	-1.88401578310283
132	1	132	132	0	0	1	L1	S1	0.75	R3	control	-0.2032046011202	1.29292423368226	1.34638524142524
133	1	133	133	0	0	1	L1	S2	0.7	R2	control	1.61879681484597	-0.644468550977669	-0.247497545265255
134	1	134	134	0	0	1	L2	S2	0.9	R2	control	-2.6266168012483	1.97139287663423	1.94182608866742
135	1	135	135	0	0	1	L1	S3	0.9	R2	control	0.0114265866516178	1.26541291667123	0.0226413005985493
136	1	136	136	0	0	1	L1	S1	0.75	R2	control	-1.95529096050546	0.828352562327357	2.24197230573225
137	1	137	137	0	0	1	L1	S1	0.7	R3	control	0.0421728200487866	-0.913423640479134	1.28425348320484
138	1	138	138	0	0	1	L1	S1	0.75	R2	control	1.45689915657479	-0.278093917784366	1.96806053380344
139	1	139	139	0	0	1	L2	S1	0.7	R2	control	-1.91163119789844	2.28882187401973	0.248121226728107
140	1	140	140	0	0	1	L2	S3	0.7	R3	control	4.48365681379308	2.36221427591131	-0.974041823234087
141	1	141	141	0	0	1	L2	S2	0.9	R2	control	-2.64721207774887	-1.23301907885495	2.41712026966978
142	1	142	142	0	0	1	L2	S1	0.7	R2	control	0.246812755256319	-0.105983469732628	0.2189231501176
143	1	143	143	0	0	1	L1	S1	0.75	R2	control	-2.59530913961971	-1.93278075236339	-1.09292749574808
144	1	144	144	0	0	1	L2	S3	0.75	R1	control	0.217555794688649	2.78486181668894	0.897037708671073
145	1	145	145	0	0	1	L1	S3	0.9	R3	control	3.73347928739326	0.192167633597459	-0.297788670267185
146	1	146	146	0	0	1	L2	S3	0.9	R3	control	1.72594774153061	1.93568867640098	0.872235611199494
147	1	147	147	0	0	1	L2	S3	0.9	R3	control	4.16319376515272	0.275998576551151	1.25383300450497
148	1	148	148	0	0	1	L1	S1	0.9	R1	control	-0.810776499416651	2.6948860676538	-1.57714186272741
149	1	149	149	0	0	1	L2	S3	0.75	R2	control	-2.5141718747564	-0.442592278891998	2.68173022435855
150	1	150	150	0	0	1	L1	S2	0.7	R3	control	0.765783509607331	2.70807434880122	-1.69503307036292
151	1	151	151	0	0	1	L1	S3	0.7	R3	control	2.67722377783329	2.7119463120402	-0.964174841656094
152	1	152	152	0	0	1	L2	S3	0.7	R3	control	4.01214254637794	-0.191658091711498	1.2109386617427
153	1	153	153	0	0	1	L2	S3	0.9	R3	control	0.446046760621236	0.842500369368882	-0.81597415030184
154	1	154	154	0	0	1	L2	S2	0.75	R1	control	-0.801254443341096	1.82432407215795	0.0775667292359161
155	1	155	155	0	0	1	L1	S3	0.7	R3	control	-0.756841466063776	-3.04492639731748	-1.10107673015549
156	1	156	156	0	0	1	L2	S2	0.9	R3	control	0.62873643757847	0.773165994780191	0.723364527300028
157	1	157	157	0	0	1	L2	S2	0.75	R3	case	-1.88175239435342	1.99795021219442	-0.249238787995016
158	1	158	158	0	0	1	L2	S2	0.7	R1	control	0.112261220081833	0.881725185959955	0.856479008148403
159	1	159	159	0	0	1	L2	S3	0.7	R1	control	1.89068791169318	0.977798615660187	3.44103576813343
160	1	160	160	0	0	1	L2	S1	0.75	R2	control	-1.8883830591634	1.81314598047491	3.44257750927666
161	1	161	161	0	0	1	L2	S1	0.9	R2	control	1.829911528013	-0.0969095220884765	0.568824941212491
162	1	162	162	0	0	1	L1	S3	0.75	R1	control	3.29769525139699	1.7137160766452	0.756785278415839
163	1	163	163	0	0	1	L1	S3	0.7	R3	control	-1.80691550126297	1.12208461560935	0.0249446085572424
164	1	164	164	0	0	1	L1	S1	0.75	R2	control	-3.27989875166065	-1.80981834714281	2.39003837885758
165	1	165	165	0	0	1	L1	S2	0.75	R1	control	-2.44952316158196	2.07804525572254	1.6286724932038
166	1	166	166	0	0	1	L2	S2	0.9	R2	control	-1.81923694077096	-1.9049484962258	1.90856633570836
167	1	167	167	0	0	1	L2	S1	0.7	R3	control	0.907309648846045	-1.17835024326704	1.07070785324167
168	1	168	168	0	0	1	L2	S1	0.75	R3	control	1.97448826651716	0.921993770038938	-1.12578302909959
169	1	169	169	0	0	1	L1	S3	0.9	R2	control	1.68484727732976	-0.779812849163728	0.770872559980208
170	1	170	170	0	0	1	L1	S2	0.75	R3	control	0.505218295741407	-0.172848111605474	-0.90955746136175
171	1	171	171	0	0	1	L1	S3	0.75	R2	control	-0.0138869243472482	0.453569019440524	0.365947632753389
172	1	172	172	0	0	1	L2	S1	0.9	R3	control	1.98770538888915	0.672056653137511	1.17111684319344
173	1	173	173	0	0	1	L1	S2	0.7	R3	control	-0.857439799871908	-1.93755151357819	1.06450321079479
174	1	174	174	0	0	1	L2	S1	0.9	R3	control	2.0344979704537	0.924540955623819	0.851663702249833
175	1	175	175	0	0	1	L2	S3	0.9	R2	control	-0.216025799023609	1.98200923131225	0.79497366513724
176	1	176	176	0	0	1	L1	S2	0.9	R3	control	0.252380084564694	-2.89529576111132	-0.389166472797316
177	1	177	177	0	0	1	L2	S3	0.7	R3	control	-1.77890495589783	-0.0258945948397163	-1.11761967754272
178	1	178	178	0	0	1	L1	S1	0.7	R1	control	-0.687818416105151	1.5108939330074	-0.436978456600294
179	1	179	179	0	0	1	L1	S2	0.7	R2	control	-0.487528554858623	-0.481438698912559	-1.22885109757637
180	1	180	180	0	0	1	L2	S1	0.75	R2	control	0.984459012892271	-1.84328363752472	0.461975071674381
181	1	181	181	0	0	1	L2	S1	0.7	R1	control	3.75296994446775	-0.218365371645517	2.09094529056228
182	1	182	182	0	0	1	L2	S1	0.9	R2	control	0.627746626552681	-0.517090980839394	-0.604026550873534
183	1	183	183	0	0	1	L1	S2	0.7	R1	control	2.48420155331413	-2.10855186385002	1.16068096568769
184	1	184	184	0	0	1	L2	S1	0.7	R1	control	5.30280135054679	-0.44421548901038	0.167018731574941
185	1	185	185	0	0	1	L1	S1	0.9	R1	control	-0.320300775885432	0.64878757894329	1.45232520416121
186	1	186	186	0	0	1	L2	S3	0.9	R3	control	2.2880015482548	2.70190357878203	0.661655638275266
187	1	187	187	0	0	1	L1	S2	0.7	R2	control	0.193230537757824	0.354020816746175	1.1883260313918
188	1	188	188	0	0	1	L1	S2	0.9	R2	control	0.317592657937938	-1.13351940822238	-0.0331709961641462
189	1	189	189	0	0	1	L2	S1	0.9	R1	control	1.93202596821996	1.4053639083609	0.435987641555119
190	1	190	190	0	0	1	L1	S3	0.9	R1	control	3.85770218139107	3.11759852588081	2.73383053538929
191	1	191	191	0	0	1	L1	S3	0.7	R1	control	0.475438745270897	0.608138326322881	-0.532184038972314
192	1	192	192	0	0	1	L2	S2	0.7	R1	case	-0.249905524902192	0.516665491288061	0.297116693190571
193	1	193	193	0	0	1	L1	S3	0.75	R1	control	1.89464054920367	3.97380846958022	-1.15838483233001
194	1	194	194	0	0	1	L1	S2	0.75	R1	control	1.08720168757062	0.857978269744739	0.91328319553706
195	1	195	195	0	0	1	L2	S2	0.9	R2	control	1.51347857236263	-1.75149613784776	-0.620827719193597
196	1	196	196	0	0	1	L1	S3	0.7	R2	control	0.923790487146777	1.30230383577924	0.536716064202978
197	1	197	197	0	0	1	L2	S2	0.9	R1	control	-0.607518938279663	1.36099608751462	1.99875975410045
198	1	198	198	0	0	1	L2	S2	0.9	R2	control	0.47037232486345	1.16673536621435	-1.5823220288613
199	1	199	199	0	0	1	L2	S1	0.75	R1	control	2.23260160463948	1.06961672139457	0.495488819009232
200	1	200	200	0	0	1	L2	S3	0.75	R2	control	2.11628344400039	-1.82275783652645	-0.361254640917946
201	1	201	201	0	0	1	L2	S2	0.9	R1	control	1.76158406454569	-1.26208057621081	3.11104506924796
202	1	202	202	0	0	1	L1	S1	0.75	R2	control	0.813612442660646	0.151790015657479	0.479078254299424
203	1	203	203	0	0	1	L2	S2	0.7	R3	control	0.064078416329832	2.08532928341589	0.727424349626246
204	1	204	204	0	0	1	L1	S1	0.75	R3	control	-1.21955931131118	2.11027131022622	1.45637669127505
205	1	205	205	0	0	1	L1	S1	0.75	R1	control	-0.858691580592781	1.13698391049238	0.276760038802514
206	1	206	206	0	0	1	L2	S1	0.75	R2	control	-2.62703851613368	-0.716114545474712	3.59704281567325
207	1	207	207	0	0	1	L1	S3	0.75	R1	control	-0.00199378050283405	1.74314409498325	0.280894342859433
208	1	208	208	0	0	1	L2	S2	0.9	R1	control	0.309661708863187	-2.41345813762241	2.59737104290465
209	1	209	209	0	0	1	L1	S3	0.75	R3	control	3.31704271731536	-0.0746284068034872	-0.917281401635399
210	1	210	210	0	0	1	L1	S1	0.9	R3	control	2.20156402858538	-1.13685768398433	1.08578349701151
211	1	211	211	0	0	1	L1	S2	0.7	R3	control	-1.06139680585205	-0.0273957438641598	-1.5187202433362
212	1	212	212	0	0	1	L1	S2	0.9	R3	control	0.358876467969153	-1.43791477161995	-1.80533410191425
213	1	213	213	0	0	1	L2	S2	0.9	R1	control	0.816877699020818	1.13946846501982	1.43214176319188
214	1	214	214	0	0	1	L2	S3	0.75	R3	control	-2.49458077506797	-1.80306686456596	-0.961199929436537
215	1	215	215	0	0	1	L2	S2	0.7	R2	control	2.59005586358933	-2.04938010970577	0.916542338821851
216	1	216	216	0	0	1	L1	S2	0.9	R1	control	-2.95724648507151	-1.54314939835659	1.41209992298018
217	1	217	217	0	0	1	L1	S2	0.75	R2	control	0.954338803332717	1.21659692774721	1.88766465185979
218	1	218	218	0	0	1	L2	S3	0.75	R3	control	-0.77885658069451	0.252968680134147	0.368230082735788
219	1	219	219	0	0	1	L1	S2	0.75	R2	control	-3.00488821348117	-1.43349352347733	1.87016859304574
220	1	220	220	0	0	1	L1	S1	0.7	R1	control	2.75900663220847	1.09912116010578	0.545687444240045
221	1	221	221	0	0	1	L2	S3	0.75	R1	control	3.84712212213509	-1.25908949012031	1.71979587015405
222	1	222	222	0	0	1	L2	S1	0.75	R2	control	5.26572281638936	-0.208971693162642	0.973240628606
223	1	223	223	0	0	1	L2	S3	0.9	R1	control	3.43373294975918	0.885347460140716	2.5825478836859
224	1	224	224	0	0	1	L1	S2	0.7	R3	control	3.5715767262935	-0.365606664168175	-0.84545210185521
225	1	225	225	0	0	1	L2	S2	0.7	R2	control	-0.697122747007749	0.322112722445871	1.0972032037695
226	1	226	226	0	0	1	L2	S3	0.9	R1	control	7.14292111701812	1.05964175723512	0.14784844639903
227	1	227	227	0	0	1	L1	S2	0.75	R3	control	-0.497254217880873	-0.958133004131427	0.229189627220538
228	1	228	228	0	0	1	L1	S3	0.75	R3	control	3.34811068424818	-0.790664132708353	-1.42223010372603
229	1	229	229	0	0	1	L2	S2	0.9	R1	control	0.80557067420624	-0.169721152812028	0.791535108828069
230	1	230	230	0	0	1	L2	S3	0.7	R3	control	1.90359742640844	2.77412054309918	0.55695256964277
231	1	231	231	0	0	1	L2	S3	0.75	R2	control	-2.78446831931596	0.826663740747119	2.1538100164224
232	1	232	232	0	0	1	L2	S3	0.75	R1	control	2.71289487327843	1.65480403944035	2.86012617829554
233	1	233	233	0	0	1	L2	S2	0.7	R2	control	-0.941068924786877	1.21557816359662	1.26471144938649
234	1	234	234	0	0	1	L2	S2	0.9	R2	control	-1.75158585193653	1.81833041748443	1.50225189578376
235	1	235	235	0	0	1	L2	S1	0.9	R1	control	4.68319645777672	1.33383996337939	1.42614663742713
236	1	236	236	0	0	1	L2	S2	0.7	R2	control	-1.14861939188311	1.306951318136	2.65601542433928
237	1	237	237	0	0	1	L2	S1	0.9	R1	control	1.82411136815226	3.34548212655628	2.28593774904471
238	1	238	238	0	0	1	L2	S2	0.9	R1	control	-0.513009654238112	-2.52558370734111	1.89200277327693
239	1	239	239	0	0	1	L1	S3	0.7	R1	control	-0.633535447427223	0.0655277742747874	0.551163637277316
240	1	240	240	0	0	1	L2	S1	0.9	R2	control	2.54728255784181	0.296311358798108	-0.401564015918772
241	1	241	241	0	0	1	L1	S2	0.75	R1	control	2.52343658849675	0.141099480093088	1.70321110476602
242	1	242	242	0	0	1	L2	S1	0.9	R3	control	3.87012627443282	1.5271285856768	-1.06055775082536
243	1	243	243	0	0	1	L2	S1	0.7	R1	control	-0.391150334543627	0.782903617116523	0.933415034417058
244	1	244	244	0	0	1	L2	S2	0.75	R3	control	3.89086509212077	0.4237578015652	-1.14033706801755
245	1	245	245	0	0	1	L2	S2	0.7	R3	control	3.02516552315344	-0.299455211774894	-0.10389335789464
246	1	246	246	0	0	1	L2	S2	0.9	R2	control	-0.43025678754134	3.55290866985139	-0.295064296765852
247	1	247	247	0	0	1	L2	S2	0.75	R1	control	2.57717687131554	-0.487566949203337	0.798778847403527
248	1	248	248	0	0	1	L2	S1	0.9	R2	control	0.17178177351997	-2.90352036334347	0.917760032015499
249	1	249	249	0	0	1	L2	S3	0.75	R1	control	0.126580023040046	0.702998206497889	-1.51981152965513
250	1	250	250	0	0	1	L1	S2	0.9	R3	control	-1.68953880975551	-1.59001861364636	0.605415474994933
251	1	251	251	0	0	1	L2	S1	0.7	R2	control	0.0101666569339193	2.17883215868066	0.0596646905123905
252	1	252	252	0	0	1	L1	S3	0.75	R1	control	1.96679920682756	2.0432874765542	2.56426924466375
253	1	253	253	0	0	1	L2	S3	0.7	R2	control	-2.83083485895613	2.2530870227258	1.40783802279136
254	1	254	254	0	0	1	L2	S2	0.9	R1	control	2.50485420053574	1.57206431941955	0.322896883696539
255	1	255	255	0	0	1	L1	S2	0.75	R3	control	-0.101358876537837	1.6866923486831	-0.388638319514052
256	1	256	256	0	0	1	L1	S3	0.9	R1	control	-1.16666396411343	2.91705002313271	1.86690749167681
257	1	257	257	0	0	1	L1	S3	0.75	R2	control	0.319375364606212	2.46581072750697	-0.457716353990996
258	1	258	258	0	0	1	L1	S3	0.9	R1	control	-0.6260096927615	2.05545249730338	1.857109346183
259	1	259	259	0	0	1	L1	S1	0.7	R1	control	1.59504329740815	0.522328427425133	-0.272645124068507
260	1	260	260	0	0	1	L2	S1	0.7	R1	control	2.18323377699425	0.521999110218464	1.10759948796391
261	1	261	261	0	0	1	L1	S1	0.75	R3	case	0.318120261903514	0.762776183004216	0.845229332294866
262	1	262	262	0	0	1	L1	S2	0.75	R2	control	0.175416448835367	0.407412548159745	1.8457456539024
263	1	263	263	0	0	1	L1	S2	0.75	R2	control	-1.05206829970878	-2.06434299015392	-0.0555165824317857
264	1	264	264	0	0	1	L1	S3	0.7	R1	control	-1.16602794770415	-0.62078686082427	2.98427977561732
265	1	265	265	0	0	1	L1	S2	0.9	R2	control	-1.66699794265494	-0.307257510919566	0.411504145215899
266	1	266	266	0	0	1	L2	S3	0.9	R1	control	-1.40534723695526	0.0256780130473032	0.745853627846571
267	1	267	267	0	0	1	L1	S2	0.7	R3	control	-1.29385414504542	-0.769444620188468	-0.553989740509357
268	1	268	268	0	0	1	L1	S1	0.7	R3	control	2.42083162903721	0.508031818067341	0.645341405311614
269	1	269	269	0	0	1	L2	S2	0.9	R2	control	2.31736371261334	-2.35138410878085	0.569712645513291
270	1	270	270	0	0	1	L1	S1	0.7	R3	control	4.32761746030769	2.53221148202801	0.197025346846914
271	1	271	271	0	0	1	L2	S3	0.9	R1	control	0.297894406434179	-0.416055772342031	-0.551929623784384
272	1	272	272	0	0	1	L1	S2	0.7	R2	control	-1.36501389308815	-0.94039796801592	0.961374064039821
273	1	273	273	0	0	1	L1	S2	0.75	R3	control	0.846699861071911	-0.297574633015789	0.0426577231822627
274	1	274	274	0	0	1	L2	S2	0.7	R3	control	-0.230070460504449	2.57081612913958	0.710100967798377
275	1	275	275	0	0	1	L1	S2	0.9	R3	control	0.131115462820359	-0.200538155957238	-1.43515453544563
276	1	276	276	0	0	1	L1	S3	0.7	R3	control	0.100066244735355	1.30161438288956	0.119817672697569
277	1	277	277	0	0	1	L2	S1	0.75	R2	control	0.548565190581735	-2.13479878651805	0.711020346586191
278	1	278	278	0	0	1	L1	S3	0.75	R1	control	2.09576784203127	1.55317454736738	0.411400314877139
279	1	279	279	0	0	1	L2	S2	0.75	R2	control	-1.0298277814578	-0.693982917806751	0.175555479945184
280	1	280	280	0	0	1	L1	S1	0.7	R2	control	-1.47272827108472	-1.33275316784205	0.479324610434428
281	1	281	281	0	0	1	L1	S2	0.7	R3	control	3.32707771656934	0.611708009636446	0.387235284890372
282	1	282	282	0	0	1	L1	S3	0.7	R2	control	-0.373058689393427	1.74709887483553	1.15351328556308
283	1	283	283	0	0	1	L2	S1	0.7	R3	control	1.69270381182855	-3.06218531296792	-0.8412594322459
284	1	284	284	0	0	1	L1	S1	0.7	R2	control	-2.61340230763199	-0.222220905713302	1.28470099268838
285	1	285	285	0	0	1	L1	S2	0.9	R1	control	3.83942707558319	0.0493382424304594	0.572061646568258
286	1	286	286	0	0	1	L2	S3	0.9	R3	control	-3.19544707983115	-1.33747982575895	2.88898954221274
287	1	287	287	0	0	1	L1	S2	0.75	R3	case	0.18542892505296	-0.592829208771856	0.400091106313702
288	1	288	288	0	0	1	L1	S3	0.7	R3	control	-0.830063619421663	0.696784612759384	-1.21144379453976
289	1	289	289	0	0	1	L1	S1	0.75	R1	control	1.75890402649271	0.953550125461662	0.419318006389369
290	1	290	290	0	0	1	L1	S1	0.9	R3	control	-1.98241577285252	-0.2553048433014	-0.39074176870216
291	1	291	291	0	0	1	L2	S1	0.9	R1	control	-1.10257756004122	0.811067408074114	0.744883962437875
292	1	292	292	0	0	1	L1	S2	0.75	R3	control	1.0149681835717	0.171320966527354	0.349256025690185
293	1	293	293	0	0	1	L1	S1	0.9	R1	control	3.65621535687283	3.36499197320572	1.99791787360354
294	1	294	294	0	0	1	L1	S1	0.75	R3	control	1.95413917540826	-0.557783997377459	0.0205390637906183
295	1	295	295	0	0	1	L2	S3	0.7	R3	case	3.99494777744695	-0.68877294165008	0.953640800492585
296	1	296	296	0	0	1	L2	S1	0.75	R3	control	0.522976221081214	-1.53404104183858	0.989124290011229
297	1	297	297	0	0	1	L2	S3	0.9	R1	control	1.35815607406917	1.11808989373876	-0.208195727468257
298	1	298	298	0	0	1	L1	S2	0.7	R2	control	2.87111026175887	2.56474605534523	0.464719125013474
299	1	299	299	0	0	1	L1	S3	0.9	R2	control	1.39732542510751	1.75726335386569	0.401789097742112
300	1	300	300	0	0	1	L2	S3	0.7	R1	control	2.31675436734763	1.34091393327938	1.96899357004267
301	1	301	301	0	0	1	L1	S1	0.9	R2	control	-2.38225543599536	0.474016347465363	0.54835828859146
302	1	302	302	0	0	1	L1	S2	0.75	R1	control	2.2427775128534	0.303229611076986	2.15279331779817
303	1	303	303	0	0	1	L2	S1	0.7	R2	control	-3.36418880556891	-2.02390827767895	1.20815653588632
304	1	304	304	0	0	1	L1	S1	0.75	R1	control	1.46971905622475	3.52477297889085	1.39737605129412
305	1	305	305	0	0	1	L1	S1	0.9	R3	control	-0.169562856507735	1.57857567089082	0.83194289922335
306	1	306	306	0	0	1	L1	S1	0.9	R2	control	-0.000326795038433664	1.17438211432316	0.00999980642880684
307	1	307	307	0	0	1	L2	S1	0.75	R2	control	-0.272868802286628	1.98351958841808	0.511454241439819
308	1	308	308	0	0	1	L1	S2	0.9	R1	control	-1.26881958753798	3.4292665540434	0.870625728520471
309	1	309	309	0	0	1	L1	S1	0.75	R1	control	3.15418968163195	2.60461481631178	1.548358823926
310	1	310	310	0	0	1	L2	S1	0.75	R1	control	6.21316065734041	0.644400439089908	0.647573206825867
311	1	311	311	0	0	1	L2	S1	0.75	R1	control	2.21836935141934	1.59746121929115	1.27157016138414
312	1	312	312	0	0	1	L2	S3	0.75	R3	case	0.531954389232145	-0.921893915993135	1.21954015994659
313	1	313	313	0	0	1	L1	S2	0.9	R3	control	5.16193720967322	1.39967504167867	-1.01016887511385
314	1	314	314	0	0	1	L1	S3	0.75	R1	control	-0.338916929473122	1.17290066037627	2.34382534432532
315	1	315	315	0	0	1	L1	S3	0.9	R2	control	1.11996460036842	1.17058463802432	1.28201977122611
316	1	316	316	0	0	1	L2	S2	0.75	R2	case	0.48142296004889	0.457832935763009	1.37621005646087
317	1	317	317	0	0	1	L2	S2	0.7	R2	control	-1.178543234284	2.2010077129289	0.962446886540031
318	1	318	318	0	0	1	L1	S3	0.7	R1	control	-1.29775166769416	0.0827126533492095	1.2803288619727
319	1	319	319	0	0	1	L1	S1	0.75	R1	control	1.84190285905598	1.07990373676435	2.42354090600672
320	1	320	320	0	0	1	L2	S2	0.75	R3	control	0.789140545709865	1.61200886348243	-0.506452080856448
321	1	321	321	0	0	1	L2	S1	0.9	R1	control	-0.927934143159178	-0.404445522805619	2.48404205227266
322	1	322	322	0	0	1	L1	S2	0.75	R2	control	2.82127936948338	1.66928838127626	-1.71171818000172
323	1	323	323	0	0	1	L1	S3	0.75	R3	control	1.37409823894717	-2.09226933495589	0.574016689212553
324	1	324	324	0	0	1	L2	S1	0.7	R3	control	0.843685276371746	-0.818339011406498	-0.846626570687061
325	1	325	325	0	0	1	L2	S2	0.7	R2	control	2.94905543499322	-0.103390103942146	1.76071432992597
326	1	326	326	0	0	1	L1	S2	0.75	R2	control	-0.221304912232373	-0.528250970578898	1.02865347368894
327	1	327	327	0	0	1	L2	S1	0.9	R3	control	3.13929111234052	1.21902528628663	0.543801443630922
328	1	328	328	0	0	1	L2	S2	0.7	R1	control	1.13195975451789	1.19150663054005	1.60873726220086
329	1	329	329	0	0	1	L2	S3	0.7	R1	control	1.52046997915304	0.740393139315088	1.04938008273547
330	1	330	330	0	0	1	L2	S2	0.75	R3	control	0.0957043480684419	1.17614287566046	0.0426590732790908
331	1	331	331	0	0	1	L2	S1	0.9	R1	case	2.28972672864171	2.33779874639384	0.19318060203932
332	1	332	332	0	0	1	L1	S3	0.7	R2	control	0.620414646485763	0.682073757778865	0.869442540276195
333	1	333	333	0	0	1	L1	S3	0.9	R2	control	-0.152146968542885	-1.55715485287028	2.0485008694523
334	1	334	334	0	0	1	L1	S1	0.75	R1	control	3.08851201651193	1.13297219373024	1.00991506368481
335	1	335	335	0	0	1	L2	S2	0.7	R1	control	-0.930013571172512	0.223986617803492	1.02383553547553
336	1	336	336	0	0	1	L2	S1	0.9	R2	control	0.375052277586653	3.74883049885469	1.53846695670418
337	1	337	337	0	0	1	L2	S2	0.7	R1	control	1.5921722454232	3.5833701048648	1.52994041527699
338	1	338	338	0	0	1	L2	S2	0.9	R3	control	0.0869952927169151	-0.6559374328079	1.49357680493214
339	1	339	339	0	0	1	L1	S2	0.7	R3	case	0.196655406553795	-0.0492773565552044	1.27485963909886
340	1	340	340	0	0	1	L2	S1	0.9	R3	control	1.87427956298337	1.3717008169875	0.835915965236681
341	1	341	341	0	0	1	L2	S2	0.75	R3	control	1.67343352844994	1.32705623547786	-0.883020763016025
342	1	342	342	0	0	1	L2	S1	0.7	R1	control	1.95846672811915	0.827465633819677	0.614311522503693
343	1	343	343	0	0	1	L1	S2	0.9	R1	control	2.77178411809847	3.62098381536037	0.579349054156298
344	1	344	344	0	0	1	L1	S1	0.9	R1	control	3.22063229025601	-0.713977025345385	1.45617050382032
345	1	345	345	0	0	1	L1	S1	0.7	R3	control	0.795132269618209	0.685901263117872	0.0423335400439055
346	1	346	346	0	0	1	L2	S1	0.9	R3	control	-0.910258629232087	4.10447585946176	1.34091607967543
347	1	347	347	0	0	1	L1	S2	0.9	R1	control	-1.67875086968749	-1.13245306961602	1.69899955581466
348	1	348	348	0	0	1	L2	S1	0.9	R2	control	-0.189438209159386	1.63075529820758	0.117778667575728
349	1	349	349	0	0	1	L2	S2	0.9	R2	control	0.661747705109364	-0.903398212837017	-0.422019951656341
350	1	350	350	0	0	1	L2	S2	0.9	R3	control	0.723456696380942	1.91892605516884	0.991082361734335
351	1	351	351	0	0	1	L1	S2	0.75	R3	control	0.76117800457521	1.53355592748139	-1.66354788782389
352	1	352	352	0	0	1	L1	S1	0.75	R1	control	1.37899775201821	-0.196971117768351	0.277610712530817
353	1	353	353	0	0	1	L2	S1	0.7	R3	control	-0.664025979156942	-0.168268103678234	-2.47678453790874
354	1	354	354	0	0	1	L2	S3	0.7	R3	control	0.874176041579986	4.24670096296513	-0.603282131205675
355	1	355	355	0	0	1	L1	S2	0.9	R2	control	-0.0262318184607563	0.3658453382228	3.35860647357425
356	1	356	356	0	0	1	L2	S3	0.7	R2	control	-2.30941088818326	0.898595895651091	1.25536690580739
357	1	357	357	0	0	1	L2	S1	0.7	R3	control	0.486385060330465	-1.47882193496788	-0.0682521218264328
358	1	358	358	0	0	1	L1	S2	0.75	R3	control	0.846511466772016	-1.10936994011802	2.59235632316253
359	1	359	359	0	0	1	L1	S3	0.9	R1	control	2.55979382488249	1.18597984061132	-0.366710566069356
360	1	360	360	0	0	1	L2	S3	0.75	R3	control	2.6616346534975	-0.476671788206738	0.80503520406225
361	1	361	361	0	0	1	L2	S3	0.75	R1	control	1.78378418728939	0.415390651235856	1.19736414016712
362	1	362	362	0	0	1	L1	S1	0.75	R3	control	-0.575536548378154	1.11393089174866	-1.88234961628284
363	1	363	363	0	0	1	L2	S1	0.7	R1	control	1.19469066340795	-0.75914353325142	1.50886095399523
364	1	364	364	0	0	1	L1	S1	0.75	R2	control	-0.869588260089625	-1.76642515430363	1.28083493394118
365	1	365	365	0	0	1	L2	S2	0.75	R2	control	1.86035689532146	-0.141177804277561	1.02062940987264
366	1	366	366	0	0	1	L2	S2	0.9	R1	control	1.48967624956027	0.642991739645014	1.65583137231669
367	1	367	367	0	0	1	L1	S3	0.7	R2	control	1.03223594833123	-0.979336682072328	0.326642227918575
368	1	368	368	0	0	1	L1	S3	0.9	R2	control	-1.70779045401937	0.259047139481901	-0.45054454575982
369	1	369	369	0	0	1	L2	S2	0.7	R1	control	1.37139786249628	0.17924897398112	1.06843401716337
370	1	370	370	0	0	1	L1	S2	0.7	R1	control	0.260546025234416	1.95862180663075	2.344395755522
371	1	371	371	0	0	1	L1	S1	0.75	R3	control	-1.10152549653622	0.603784443991836	-0.139834167099298
372	1	372	372	0	0	1	L2	S2	0.9	R2	control	1.86651063147712	0.804912882066682	-0.673857560178196
373	1	373	373	0	0	1	L1	S1	0.9	R2	control	0.281507938476894	2.30632346537763	1.65876940942573
374	1	374	374	0	0	1	L1	S2	0.9	R1	control	4.22719440880024	1.53320774867223	2.22469715943611
375	1	375	375	0	0	1	L2	S2	0.7	R3	control	3.36050775007883	1.1684993772123	-1.7489490278011
376	1	376	376	0	0	1	L2	S1	0.9	R3	control	0.633621728083338	0.833182981184572	1.47034987959166
377	1	377	377	0	0	1	L1	S2	0.75	R2	control	1.2803986086443	2.5683785069189	1.75051028303052
378	1	378	378	0	0	1	L1	S2	0.9	R1	control	-0.642465458308133	1.56371777675014	1.31874388287497
379	1	379	379	0	0	1	L2	S3	0.75	R2	control	1.27591487350092	0.524205368650953	0.454331022761927
380	1	380	380	0	0	1	L2	S2	0.7	R3	control	-1.7746955359399	1.99878323506399	-0.697384938215163
381	1	381	381	0	0	1	L2	S3	0.7	R1	control	0.576516048596954	0.866943137920564	2.49655505654981
382	1	382	382	0	0	1	L2	S2	0.7	R1	control	-1.41569959521621	-0.405174132426446	1.30012876648182
383	1	383	383	0	0	1	L1	S3	0.9	R2	control	0.909859363166485	1.54486903357684	-1.40051664428842
384	1	384	384	0	0	1	L2	S1	0.7	R1	control	-0.602660563196951	1.68130220077152	0.486596381933839
385	1	385	385	0	0	1	L1	S1	0.7	R3	control	0.358703986029917	-1.02396286771782	0.93192246447712
386	1	386	386	0	0	1	L1	S3	0.9	R3	control	4.6417531895555	-1.58560495594434	0.456486747876424
387	1	387	387	0	0	1	L2	S3	0.75	R3	control	2.04626721726649	-0.484241915241496	0.103821141051298
388	1	388	388	0	0	1	L1	S3	0.9	R1	case	4.39933004217388	0.143175434413451	1.35637569500249
389	1	389	389	0	0	1	L1	S2	0.7	R1	control	1.42688467891764	-1.19527147791933	-0.00805739704585494
390	1	390	390	0	0	1	L2	S2	0.9	R3	control	2.39708216750841	2.5727447386459	-0.688741418902512
391	1	391	391	0	0	1	L2	S1	0.9	R3	control	-1.95007432410474	0.704771244725266	1.47826223022949
392	1	392	392	0	0	1	L1	S3	0.7	R1	control	-0.464956825768543	-0.186814650448483	1.51086298917838
393	1	393	393	0	0	1	L1	S2	0.75	R2	control	-0.390667497117238	0.377404552587583	0.997551734136657
394	1	394	394	0	0	1	L1	S3	0.9	R3	control	1.7573567682735	0.0448686642623032	1.00890212857337
395	1	395	395	0	0	1	L1	S2	0.7	R3	control	-1.24206700457296	2.14502743182324	2.0155737185959
396	1	396	396	0	0	1	L1	S3	0.75	R3	control	2.42581233190425	-1.05910219417203	-0.377516396303602
397	1	397	397	0	0	1	L1	S3	0.7	R1	control	-0.515004336728084	1.69198770998216	1.78963824535585
398	1	398	398	0	0	1	L2	S1	0.7	R3	control	-0.548251036769829	0.718779138409705	1.56187790851324
399	1	399	399	0	0	1	L1	S1	0.7	R2	control	-1.65749299318259	-1.03699883975381	-0.318760874749124
400	1	400	400	0	0	1	L1	S2	0.7	R2	control	0.187216805603967	-1.64814069474636	-0.221832812337584
401	1	401	401	0	0	1	L2	S1	0.9	R2	control	-3.11918418323024	0.761801575363951	0.41771170915486
402	1	402	402	0	0	1	L2	S2	0.75	R2	control	-0.765780539520171	-0.46048508844374	0.387909220186282
403	1	403	403	0	0	1	L1	S1	0.7	R1	control	0.566949515918021	-0.602078113158575	2.9512894536888
404	1	404	404	0	0	1	L1	S3	0.7	R3	control	-0.796672546806203	0.315989286590893	0.859670733296619
405	1	405	405	0	0	1	L2	S1	0.7	R3	control	-2.59396249077054	1.2042049435661	-1.18243282918595
406	1	406	406	0	0	1	L2	S1	0.7	R2	control	-0.798942500322554	0.424021229559493	1.35673434091308
407	1	407	407	0	0	1	L2	S3	0.7	R2	control	-1.72585439144394	-0.359378057918019	0.193226576247433
408	1	408	408	0	0	1	L2	S2	0.7	R1	control	1.11256454009126	2.69657749193937	1.39349761385737
409	1	409	409	0	0	1	L2	S1	0.75	R1	control	-1.16956159426196	0.0983463784205401	0.476322251041486
410	1	410	410	0	0	1	L1	S1	0.9	R1	control	0.0875205998872344	0.473570373536688	2.64947186132091
411	1	411	411	0	0	1	L1	S1	0.75	R2	control	-0.0988483810402139	-2.28579297363919	0.695908769382502
412	1	412	412	0	0	1	L1	S3	0.75	R3	control	4.10283605103372	-0.520943181844446	1.05896458194812
413	1	413	413	0	0	1	L1	S1	0.75	R2	control	-1.23772777344979	-0.0113950202554203	-0.0549845164226443
414	1	414	414	0	0	1	L2	S3	0.9	R1	control	0.0495777324628253	0.891111362620665	2.16972768118658
415	1	415	415	0	0	1	L2	S2	0.7	R3	control	1.91333800263533	3.28661558925421	1.29838310992802
416	1	416	416	0	0	1	L1	S1	0.9	R3	control	0.392481492498236	-0.64003918210891	1.93430906062605
417	1	417	417	0	0	1	L2	S2	0.75	R3	control	2.58062016495656	0.544705548832721	0.280971237992432
418	1	418	418	0	0	1	L1	S1	0.9	R2	control	-1.17407053404619	-2.67058040553526	0.776679093420388
419	1	419	419	0	0	1	L1	S2	0.9	R1	control	-1.95598174423426	3.06152857251138	2.23357607574596
420	1	420	420	0	0	1	L2	S3	0.75	R1	control	1.15217778336694	1.68086913800783	-1.40323250612814
421	1	421	421	0	0	1	L1	S1	0.9	R3	control	5.20292231666966	-1.95250869264769	0.974806159272389
422	1	422	422	0	0	1	L1	S1	0.7	R2	control	1.00847833900939	-2.70611331608848	-0.125317799570944
423	1	423	423	0	0	1	L1	S1	0.9	R1	control	-0.106943801720437	1.12173654443582	2.34126026173725
424	1	424	424	0	0	1	L1	S1	0.7	R1	control	3.74640864320911	1.21950792780357	1.62882733931699
425	1	425	425	0	0	1	L1	S2	0.75	R3	case	-1.50223084062996	0.468311203332687	-0.891158770429218
426	1	426	426	0	0	1	L2	S1	0.9	R2	control	-2.21268867615033	-2.48603486415644	0.338261912408341
427	1	427	427	0	0	1	L2	S3	0.9	R2	control	-2.3520388308523	-1.55997454509036	-2.06787852840734
428	1	428	428	0	0	1	L1	S2	0.9	R1	control	1.02767691939608	1.0566290113438	-0.154963686956315
429	1	429	429	0	0	1	L1	S3	0.9	R3	control	-0.0928110159379575	0.920370073587898	0.701376160176585
430	1	430	430	0	0	1	L1	S3	0.9	R1	control	1.63916540679688	1.00144112318676	-0.31776571057438
431	1	431	431	0	0	1	L1	S1	0.9	R2	control	0.667783984457357	-2.40855468752693	-1.44452114816895
432	1	432	432	0	0	1	L2	S3	0.9	R1	control	5.83112921343371	1.79068677107105	4.10296555026008
433	1	433	433	0	0	1	L1	S1	0.7	R2	control	1.54537353938402	0.760458733343271	1.7141675748477
434	1	434	434	0	0	1	L2	S2	0.9	R1	control	2.04267766949533	0.119028195087849	2.14211362122616
435	1	435	435	0	0	1	L1	S3	0.7	R2	control	5.17158356644395	-0.744807200933706	2.73049625751047
436	1	436	436	0	0	1	L1	S3	0.7	R2	control	-2.97297634636192	0.193128965075373	0.662715456768149
437	1	437	437	0	0	1	L1	S2	0.7	R2	control	-1.38693869173774	-0.186326548122862	1.97771973827188
438	1	438	438	0	0	1	L2	S1	0.7	R2	control	-2.46674894358415	3.75968900973507	1.32394859804052
439	1	439	439	0	0	1	L2	S1	0.7	R2	control	-0.558031480291193	0.515822029678458	1.24269528205467
440	1	440	440	0	0	1	L2	S2	0.9	R3	control	1.70577901794385	1.83149412827164	-0.79063098537874
441	1	441	441	0	0	1	L2	S2	0.75	R2	control	1.25880779851965	0.166703570399579	1.78736582130365
442	1	442	442	0	0	1	L2	S3	0.75	R3	control	2.98292409643881	0.642331472474829	0.413983350446677
443	1	443	443	0	0	1	L1	S2	0.75	R2	control	-0.907471522019548	0.738842799462863	0.354252286572369
444	1	444	444	0	0	1	L2	S2	0.75	R1	control	2.19109644263674	1.84281441135498	0.767262905998041
445	1	445	445	0	0	1	L1	S2	0.7	R3	control	1.33383634244746	0.389186530182189	-0.250254241648558
446	1	446	446	0	0	1	L2	S2	0.75	R1	control	-0.461617967777901	2.69935227779337	1.23521720459764
447	1	447	447	0	0	1	L1	S1	0.7	R3	control	-0.70266542935796	-1.10073178894062	0.350697247577429
448	1	448	448	0	0	1	L1	S3	0.9	R2	control	-0.0832007703723666	1.05127138435801	0.559600489273516
449	1	449	449	0	0	1	L1	S1	0.9	R2	control	-0.225837909573603	0.863504973156453	-0.494772137632747
450	1	450	450	0	0	1	L1	S1	0.7	R3	control	1.60427892366266	1.674937476532	-1.61405863132968
451	1	451	451	0	0	1	L2	S3	0.75	R2	control	0.925948852133385	0.288539557478163	0.419615187915608
452	1	452	452	0	0	1	L2	S2	0.7	R1	control	-2.03874009835959	1.15039741001754	1.36369596055753
453	1	453	453	0	0	1	L1	S3	0.75	R3	control	-0.0239485724088625	1.45099137986938	-0.638118524574711
454	1	454	454	0	0	1	L2	S2	0.7	R3	control	1.35512256617165	1.06537837811877	-0.210160026747381
455	1	455	455	0	0	1	L2	S3	0.9	R3	control	1.14462951213621	1.71395482728406	1.70129115844048
456	1	456	456	0	0	1	L1	S1	0.9	R3	control	1.88452838094233	-0.805384914375566	-0.922802047175062
457	1	457	457	0	0	1	L1	S3	0.75	R1	control	1.04274842026855	0.268697496230542	1.50268518043303
458	1	458	458	0	0	1	L2	S3	0.7	R1	control	2.31304819648813	0.814394296115371	2.55901697746683
459	1	459	459	0	0	1	L2	S2	0.9	R3	case	2.05559220573361	0.18269458557144	0.317014328399186
460	1	460	460	0	0	1	L1	S3	0.75	R3	control	0.0350382044457716	0.218151752277569	3.64310036902557
461	1	461	461	0	0	1	L2	S2	0.9	R2	control	-0.6332631396351	0.880147217385993	-0.920431995270274
462	1	462	462	0	0	1	L2	S1	0.75	R1	control	2.75558922342745	-0.315522383261847	0.480595830266526
463	1	463	463	0	0	1	L2	S1	0.9	R2	control	-1.64551896319665	3.1831816389125	1.32332390684204
464	1	464	464	0	0	1	L1	S2	0.9	R3	control	2.93223051249841	-0.519023928099634	-0.425117753387737
465	1	465	465	0	0	1	L2	S3	0.7	R3	control	3.15635442119752	-1.12989058650087	0.374528666619157
466	1	466	466	0	0	1	L1	S3	0.9	R2	control	-0.192510467608046	-1.12021122529297	2.5163092535064
467	1	467	467	0	0	1	L2	S2	0.7	R1	control	-0.214063121269188	-1.30633792124487	0.884010417063111
468	1	468	468	0	0	1	L2	S2	0.9	R1	control	-0.672581291074046	2.49899854000816	-0.231621787159283
469	1	469	469	0	0	1	L1	S2	0.75	R1	control	2.35976854155553	0.323493732907008	0.684771480690344
470	1	470	470	0	0	1	L2	S1	0.7	R2	control	-1.18732784238417	-0.109089681364458	0.476716271939799
471	1	471	471	0	0	1	L2	S1	0.75	R1	control	1.63574944270098	1.40936864392137	1.06015112587654
472	1	472	472	0	0	1	L2	S1	0.75	R2	control	-0.052340923083297	-0.804154187839425	1.39583969586226
473	1	473	473	0	0	1	L2	S2	0.7	R3	control	1.42659635042561	2.30783782428373	0.71290513367811
474	1	474	474	0	0	1	L2	S1	0.9	R1	control	-0.385547656726909	0.953419308975643	1.54019084567562
475	1	475	475	0	0	1	L1	S2	0.7	R2	control	-0.921805983247441	-0.32192226796913	0.166282756318693
476	1	476	476	0	0	1	L1	S3	0.9	R3	control	1.05832003216576	-0.848405259242774	-0.104739541071907
477	1	477	477	0	0	1	L1	S1	0.7	R3	control	0.330365891368288	-0.946228653111444	-1.67514573093931
478	1	478	478	0	0	1	L1	S2	0.9	R1	control	1.18087196600536	-0.00688726625466569	0.132565551767139
479	1	479	479	0	0	1	L1	S2	0.75	R1	control	-1.75890892902314	1.37514667391514	0.836580025281597
480	1	480	480	0	0	1	L2	S2	0.9	R2	control	2.5749716475011	-0.708613005059267	2.53008812589299
481	1	481	481	0	0	1	L2	S2	0.75	R2	control	-3.83392803806591	0.0302921041596661	3.17568954672418
482	1	482	482	0	0	1	L1	S1	0.9	R3	control	-2.15074649402128	1.23818074120658	0.0562673645088854
483	1	483	483	0	0	1	L1	S2	0.9	R1	control	0.278295305163576	2.12706608934378	1.28044856651612
484	1	484	484	0	0	1	L2	S3	0.75	R3	control	0.529845798226036	0.990849406289182	-0.178003884570123
485	1	485	485	0	0	1	L2	S1	0.7	R3	control	2.53722056536141	1.63160217660864	-1.20352742670362
486	1	486	486	0	0	1	L1	S2	0.9	R1	control	-0.150055411302793	1.38237056888302	1.83271409914464
487	1	487	487	0	0	1	L1	S3	0.7	R3	control	1.57399477845904	3.24784403885396	0.98568600040312
488	1	488	488	0	0	1	L1	S2	0.9	R2	control	-0.462928526617962	2.24938970872364	-0.73745659779958
489	1	489	489	0	0	1	L2	S2	0.7	R1	control	3.5360068909251	2.74887660319513	0.275168078318493
490	1	490	490	0	0	1	L2	S1	0.9	R2	control	2.85427701571558	1.41743247155603	-0.0709836153318207
491	1	491	491	0	0	1	L1	S3	0.75	R2	control	2.61788406021693	-0.690236586545515	0.850997491648671
492	1	492	492	0	0	1	L1	S1	0.9	R2	control	0.806244633447194	-1.04253285957987	2.63130795389189
493	1	493	493	0	0	1	L1	S2	0.9	R1	control	2.04714576628689	1.25823700980124	0.544490045666642
494	1	494	494	0	0	1	L1	S3	0.9	R3	control	0.880070133438752	0.304639606980095	0.121712292406553
495	1	495	495	0	0	1	L2	S1	0.75	R1	control	3.84897300929092	0.41509027782806	0.0477331116455129
496	1	496	496	0	0	1	L1	S1	0.9	R2	case	1.19578459250769	-0.740761633366457	-0.252522330293214
497	1	497	497	0	0	1	L1	S3	0.75	R3	control	-2.38305622502909	0.280732777396326	0.656763520019404
498	1	498	498	0	0	1	L2	S3	0.7	R2	control	0.195751184316588	1.41821080879252	0.15279802812763
499	1	499	499	0	0	1	L1	S3	0.7	R3	control	1.18007419309405	1.32183287926831	1.19450813773425
500	1	500	500	0	0	1	L1	S3	0.9	R3	control	-0.00874505138555209	0.515726526032127	-2.42599826455287
501	1	501	501	0	0	2	L2	S3	0.9	R1	control	-0.0666488015681413	1.65975755209882	2.59755923176866
502	1	502	502	0	0	2	L1	S2	0.9	R2	control	-3.69598994952926	-1.005192283333	0.243399073921132
503	1	503	503	0	0	2	L1	S2	0.7	R3	case	1.55596749522206	1.19251337353466	0.0345723236792273
504	1	504	504	0	0	2	L1	S1	0.9	R2	control	0.721948962967865	-0.420943659342269	0.895693810649041
505	1	505	505	0	0	2	L2	S1	0.7	R3	control	0.720815187437404	-0.393124090953919	-0.799618771864838
506	1	506	506	0	0	2	L2	S3	0.75	R3	control	-0.219765745150734	0.179389810869902	0.259879715456885
507	1	507	507	0	0	2	L1	S1	0.75	R1	control	-3.26313005222948	-0.0557199916297062	1.18590960456264
508	1	508	508	0	0	2	L2	S2	0.75	R2	control	1.12796643740893	-1.84591230368658	1.12955277788282
509	1	509	509	0	0	2	L2	S3	0.9	R1	control	2.26109007275124	0.478148627178855	0.0270819034268177
510	1	510	510	0	0	2	L1	S3	0.75	R2	control	0.312721337946022	1.82022965679826	-1.04673769374385
511	1	511	511	0	0	2	L1	S3	0.7	R3	control	0.290736848368989	-0.620549443776593	0.488806380338028
512	1	512	512	0	0	2	L1	S2	0.7	R3	control	0.56392257404009	-2.30472195141811	-0.00482831428489623
513	1	513	513	0	0	2	L2	S2	0.75	R3	control	0.53739347398657	-0.000439174593568847	-0.20989874629631
514	1	514	514	0	0	2	L2	S3	0.75	R1	control	0.735389020332125	3.28095392418314	1.1243539820061
515	1	515	515	0	0	2	L2	S3	0.9	R1	control	2.19517780625987	1.31361740434381	0.114570375579192
516	1	516	516	0	0	2	L2	S2	0.9	R3	control	1.20543445669784	4.40102176054307	-1.02981257024166
517	1	517	517	0	0	2	L2	S3	0.9	R1	control	2.01843433020066	1.98513917806088	1.57235216528073
518	1	518	518	0	0	2	L2	S3	0.9	R1	control	0.875619350952928	1.63535361019101	0.559040119695579
519	1	519	519	0	0	2	L2	S2	0.7	R2	control	-0.961271051142435	-3.51923443842524	0.453534678515892
520	1	520	520	0	0	2	L2	S1	0.9	R2	control	-0.950320104966727	0.614547560224942	-0.791002405470011
521	1	521	521	0	0	2	L1	S3	0.75	R3	control	-0.216652967281359	-2.31173147556447	1.96803181411693
522	1	522	522	0	0	2	L1	S1	0.9	R1	control	-0.524628190002795	1.31935697101588	-0.152795239019012
523	1	523	523	0	0	2	L1	S3	0.9	R2	control	-1.8120440416126	0.754504169643193	-0.38175612218934
524	1	524	524	0	0	2	L2	S1	0.9	R1	control	4.34561802621962	-1.62349994707965	2.57201840493274
525	1	525	525	0	0	2	L2	S3	0.9	R2	control	0.0972359389190203	-1.27218578733934	0.741323617800886
526	1	526	526	0	0	2	L1	S1	0.75	R3	control	2.1947637401943	-2.02109605972796	0.437265441470149
527	1	527	527	0	0	2	L1	S3	0.9	R2	control	2.30590403780613	-3.78461339530284	0.395644584342936
528	1	528	528	0	0	2	L2	S2	0.7	R2	control	-0.574054697726479	-1.28373785646278	0.752308727046733
529	1	529	529	0	0	2	L1	S2	0.7	R3	control	-0.132521886733625	2.39107310477915	0.979405617793714
530	1	530	530	0	0	2	L2	S2	0.75	R1	control	1.3009940925277	-0.339965940534826	2.02047207735151
531	1	531	531	0	0	2	L2	S1	0.9	R1	control	1.47110260322592	0.434844049629419	0.608519192312661
532	1	532	532	0	0	2	L1	S3	0.7	R2	control	-1.81401927787051	2.69508358250489	1.44556912799845
533	1	533	533	0	0	2	L1	S2	0.9	R1	control	0.418404804659347	0.316973915793639	0.915632082054711
534	1	534	534	0	0	2	L1	S1	0.7	R1	control	1.46749783690183	3.14670199666819	1.15913656184592
535	1	535	535	0	0	2	L1	S1	0.9	R2	control	2.53135077113233	-1.00119218256805	2.09622954961712
536	1	536	536	0	0	2	L2	S2	0.9	R1	control	3.569664084701	1.22362549543911	-0.496387387561942
537	1	537	537	0	0	2	L2	S3	0.9	R3	control	-0.286139026078291	0.0384346588851117	-0.012069672147903
538	1	538	538	0	0	2	L2	S3	0.9	R1	control	1.85176545216039	1.86107099812249	-0.218729723035695
539	1	539	539	0	0	2	L1	S3	0.7	R1	control	0.115863987396941	-0.976763750766418	-0.152222690427656
540	1	540	540	0	0	2	L2	S3	0.75	R1	control	-0.357822985144872	2.03045823037973	1.82472813333857
541	1	541	541	0	0	2	L2	S2	0.75	R1	control	0.413953285848404	2.03522997151415	-0.55848594778864
542	1	542	542	0	0	2	L2	S2	0.9	R2	control	0.808720172909122	-0.673540133503209	0.460034534954699
543	1	543	543	0	0	2	L2	S3	0.7	R3	control	0.749428115075409	0.430972014488599	-1.82591752766118
544	1	544	544	0	0	2	L2	S1	0.7	R3	control	-0.461719706223425	-1.03642342737754	-1.59472635267492
545	1	545	545	0	0	2	L1	S2	0.9	R3	control	2.33734313057688	0.410787823407425	-0.0924877775832744
546	1	546	546	0	0	2	L2	S3	0.75	R2	control	1.72357383389084	0.398436280439301	0.42793984603826
547	1	547	547	0	0	2	L1	S1	0.75	R3	control	1.60685067215547	1.20059754447567	-0.240435619027551
548	1	548	548	0	0	2	L1	S2	0.9	R2	control	0.319447963459393	-2.63506176592966	0.85274172977684
549	1	549	549	0	0	2	L2	S2	0.9	R2	control	-0.161941857547018	-2.49657126703243	0.122658312619738
550	1	550	550	0	0	2	L1	S1	0.75	R3	case	0.680598420552836	-2.45295993351451	0.89925714990519
551	1	551	551	0	0	2	L2	S2	0.75	R2	control	-2.36599989575168	1.50640738617012	2.59005498003735
552	1	552	552	0	0	2	L1	S2	0.75	R1	control	-1.74742821806998	1.90043195314558	1.73255333169688
553	1	553	553	0	0	2	L2	S1	0.9	R1	control	1.26422849479856	3.38666962131656	1.07185110116056
554	1	554	554	0	0	2	L1	S3	0.7	R2	control	-0.708776487068926	0.587056723612564	0.923840690340356
555	1	555	555	0	0	2	L1	S3	0.9	R1	control	3.23250458669893	3.3438933400194	0.934281719332474
556	1	556	556	0	0	2	L2	S3	0.7	R3	control	1.26272805283219	1.02382753034838	0.663973033475003
557	1	557	557	0	0	2	L1	S1	0.7	R2	control	-0.174009025237022	0.67118491730262	2.19666582580459
558	1	558	558	0	0	2	L2	S3	0.7	R2	control	1.71223248288853	1.53467368687744	1.36193470193856
559	1	559	559	0	0	2	L1	S1	0.9	R3	case	2.2991956626582	0.372859002195702	1.38583402840269
560	1	560	560	0	0	2	L2	S2	0.9	R3	control	-1.00605056943636	0.839784962552176	1.02919675258868
561	1	561	561	0	0	2	L2	S1	0.75	R3	control	-1.01151242726899	-2.45869236453503	0.615586427458697
562	1	562	562	0	0	2	L1	S1	0.7	R1	control	2.41268799442708	1.24072685029881	2.21593476064138
563	1	563	563	0	0	2	L2	S1	0.75	R1	control	2.06016535813796	0.944354843701297	-0.325363863993464
564	1	564	564	0	0	2	L2	S1	0.7	R3	control	0.602430679460235	0.576258097338158	0.624388119502695
565	1	565	565	0	0	2	L1	S2	0.75	R1	control	1.54956527425131	-0.0748689876460061	0.214072116007026
566	1	566	566	0	0	2	L1	S1	0.7	R2	control	1.8948872085246	-1.30103318512625	-0.482549481483872
567	1	567	567	0	0	2	L2	S1	0.7	R1	control	1.98133182333254	0.806002153820281	-0.0138870010458892
568	1	568	568	0	0	2	L1	S3	0.75	R3	control	1.29134953090623	0.391947590541041	-1.1376700475564
569	1	569	569	0	0	2	L2	S3	0.9	R1	control	2.09776414288986	0.37580308020048	1.48115489653846
570	1	570	570	0	0	2	L2	S3	0.7	R1	control	2.09618203033698	2.16188970366972	0.455798773444213
571	1	571	571	0	0	2	L1	S2	0.75	R1	control	0.669045694470905	1.03647600778831	1.30460472356712
572	1	572	572	0	0	2	L2	S1	0.75	R2	control	0.229837946791601	0.645336946789663	-0.0460795136684764
573	1	573	573	0	0	2	L1	S1	0.7	R3	control	-2.77194647277769	0.296374968963569	1.0841866720376
574	1	574	574	0	0	2	L1	S1	0.75	R2	control	-1.38666065213793	0.582262784832593	0.763954913904508
575	1	575	575	0	0	2	L2	S1	0.7	R3	control	1.47363781450503	-2.22260024198104	-1.11477452244655
576	1	576	576	0	0	2	L2	S1	0.7	R2	control	-2.10866834613803	-1.47852973952293	-0.380684105425906
577	1	577	577	0	0	2	L1	S2	0.9	R3	control	1.36828862254379	-1.37490642832788	-1.29110041959952
578	1	578	578	0	0	2	L2	S1	0.9	R2	control	0.894026013566232	-0.780251032764883	-0.552175444318313
579	1	579	579	0	0	2	L1	S3	0.75	R3	control	1.18872251316962	-1.09130650031759	1.00215583756138
580	1	580	580	0	0	2	L2	S3	0.9	R2	control	3.63863017194507	0.505832923415377	2.41301205795337
581	1	581	581	0	0	2	L2	S2	0.7	R1	control	5.01360088484217	1.11862482668707	-0.128356866617441
582	1	582	582	0	0	2	L2	S2	0.75	R2	control	0.931526520223346	-2.19937878862135	0.766181213156666
583	1	583	583	0	0	2	L2	S1	0.9	R1	control	1.09992023079247	3.24632175775062	0.877836210660679
584	1	584	584	0	0	2	L2	S2	0.7	R3	control	2.91801988085789	1.01151750136272	0.267163891730726
585	1	585	585	0	0	2	L1	S2	0.7	R1	control	0.73034119512001	0.903473559097672	0.389055686413693
586	1	586	586	0	0	2	L2	S2	0.75	R1	control	-0.167139204719776	3.31972418497819	1.10579798269555
587	1	587	587	0	0	2	L1	S3	0.75	R2	control	0.264171088573485	-2.18299300020283	0.526954807007509
588	1	588	588	0	0	2	L2	S3	0.9	R1	control	1.17695581507402	0.484073621105069	2.11922128068306
589	1	589	589	0	0	2	L2	S1	0.9	R3	control	-2.74057726034366	-0.954411422365544	0.903468397524874
590	1	590	590	0	0	2	L2	S1	0.75	R1	control	1.50921757001357	0.0498726676257024	-0.391451909624675
591	1	591	591	0	0	2	L1	S1	0.9	R1	control	1.608762830209	1.70260222653762	1.04535008443883
592	1	592	592	0	0	2	L2	S1	0.7	R1	control	2.32502447619481	0.439134911140716	0.042023601027402
593	1	593	593	0	0	2	L2	S3	0.7	R3	control	-0.39802373846785	0.583363441935935	-2.03173167245191
594	1	594	594	0	0	2	L2	S1	0.9	R1	control	5.74032436557522	0.0211742973391727	0.451675812716468
595	1	595	595	0	0	2	L2	S3	0.7	R2	control	-2.05739491903359	-2.55359304838935	1.44341324839538
596	1	596	596	0	0	2	L2	S2	0.75	R1	control	2.61629903585174	1.12165720643132	1.79035632813661
597	1	597	597	0	0	2	L2	S2	0.9	R2	control	-1.06579850709573	-0.195510170178521	1.25693145810507
598	1	598	598	0	0	2	L2	S3	0.9	R3	control	0.528093760305458	-0.564441380318336	-1.08403266852485
599	1	599	599	0	0	2	L2	S3	0.7	R1	control	1.21806057723868	0.584335980683603	2.57158988956118
600	1	600	600	0	0	2	L2	S3	0.7	R1	control	1.53843714695271	-0.375737163791231	2.10405487079589
601	1	601	601	0	0	2	L1	S3	0.75	R1	control	-1.5522125317251	2.12186448557033	1.44451097099837
602	1	602	602	0	0	2	L2	S1	0.75	R2	control	1.41439921085822	-1.38823605621663	1.11161916314492
603	1	603	603	0	0	2	L2	S2	0.9	R3	control	0.0677378158746781	-0.734500380256543	0.344890147103444
604	1	604	604	0	0	2	L1	S1	0.7	R2	control	-1.01324082096637	-2.49780437576873	-1.45238561171178
605	1	605	605	0	0	2	L1	S2	0.75	R3	control	1.01931305969617	1.82638965308786	-0.329661730038424
606	1	606	606	0	0	2	L2	S2	0.7	R1	control	2.33643578418664	2.66403216031334	-1.01144456986544
607	1	607	607	0	0	2	L2	S2	0.75	R1	control	0.553800445883121	2.40382097207656	2.04901598411901
608	1	608	608	0	0	2	L1	S3	0.9	R3	case	-0.322598886810399	1.40164717739457	0.287157090128473
609	1	609	609	0	0	2	L2	S2	0.75	R2	control	1.66101373982075	2.55989884862861	1.21790708216791
610	1	610	610	0	0	2	L2	S1	0.9	R2	control	2.15966150182257	1.57176406976529	-0.524005185663119
611	1	611	611	0	0	2	L2	S1	0.75	R1	control	2.44933747812724	1.48328819754585	2.44299115003165
612	1	612	612	0	0	2	L1	S1	0.9	R1	control	3.45232045760247	0.94647699161313	-0.329738722473942
613	1	613	613	0	0	2	L2	S1	0.7	R3	control	0.303146475470655	2.3389066425356	0.960823029256719
614	1	614	614	0	0	2	L1	S3	0.9	R2	control	-1.30759664053673	1.49137098931909	2.07893782306701
615	1	615	615	0	0	2	L2	S3	0.75	R2	control	-2.17509892511559	-0.148896258090357	-0.384210778970423
616	1	616	616	0	0	2	L2	S1	0.75	R3	control	2.51830500352125	0.853623673180071	0.704132690353311
617	1	617	617	0	0	2	L2	S2	0.75	R1	control	2.47310770019492	-0.416275113601196	1.06140322989862
618	1	618	618	0	0	2	L1	S3	0.7	R1	control	1.91213940808681	1.52823875113779	2.80888832297364
619	1	619	619	0	0	2	L2	S1	0.9	R3	control	-1.04586764598589	-1.12948752663432	1.43410775571338
620	1	620	620	0	0	2	L2	S2	0.7	R2	control	2.53866378619148	-1.51163408949666	1.00809039249456
621	1	621	621	0	0	2	L1	S1	0.7	R3	control	1.11437909954028	0.523719305163309	-2.68499341785156
622	1	622	622	0	0	2	L1	S3	0.75	R2	control	-0.812396634865623	2.16825284770901	1.64983534202767
623	1	623	623	0	0	2	L1	S1	0.7	R1	control	2.39208305519649	3.69699857361606	0.113516523300084
624	1	624	624	0	0	2	L2	S2	0.9	R2	control	-0.292630891950971	-0.998882295949602	-0.839502781538642
625	1	625	625	0	0	2	L2	S1	0.9	R2	control	-2.69739167014609	-1.53702977700156	0.879060660597808
626	1	626	626	0	0	2	L2	S3	0.9	R1	control	3.10473451812865	0.558524141808261	0.106199994604166
627	1	627	627	0	0	2	L2	S3	0.7	R2	control	-0.709921547536496	-1.37102212490116	0.523416383356582
628	1	628	628	0	0	2	L2	S2	0.7	R1	control	1.95471155644264	-0.797402580039789	-0.328953736929777
629	1	629	629	0	0	2	L1	S1	0.9	R1	control	0.817976635978153	0.78776922878044	-0.188800607757732
630	1	630	630	0	0	2	L1	S2	0.7	R1	control	1.29076490065578	-0.252574672990081	1.16682863112055
631	1	631	631	0	0	2	L2	S3	0.7	R1	control	2.99740312506869	-0.403324806062302	2.58736244028863
632	1	632	632	0	0	2	L1	S1	0.7	R1	control	-0.377321038069184	1.98192065596974	-0.0319051767566169
633	1	633	633	0	0	2	L1	S3	0.75	R3	control	3.31941236725672	1.43024116370971	-0.0616666367563398
634	1	634	634	0	0	2	L1	S2	0.75	R3	control	2.00114638634963	2.67736090240573	1.79955281671158
635	1	635	635	0	0	2	L1	S2	0.9	R2	control	-1.38028480397998	-1.86392391744186	0.186579497604593
636	1	636	636	0	0	2	L1	S1	0.7	R2	control	2.11458619345308	0.572413349633172	0.126342491447964
637	1	637	637	0	0	2	L1	S1	0.7	R2	control	0.28034760538907	-0.598715313963888	0.61041191085406
638	1	638	638	0	0	2	L2	S2	0.9	R3	control	-1.93604998977995	-1.00422057202639	-2.16247252358073
639	1	639	639	0	0	2	L1	S3	0.9	R1	control	-0.678898468749358	-1.46447310762869	0.390366578915457
640	1	640	640	0	0	2	L1	S1	0.75	R1	control	2.69801652832924	2.90203582583131	1.80595389315874
641	1	641	641	0	0	2	L2	S2	0.9	R2	control	0.46866530758373	-1.21823229344835	-1.13651951589999
642	1	642	642	0	0	2	L2	S3	0.7	R2	control	-1.38436981825881	-1.13571384211704	1.69823465482246
643	1	643	643	0	0	2	L2	S1	0.9	R3	control	1.43903501304302	0.735709675120722	-3.37731544022927
644	1	644	644	0	0	2	L2	S2	0.75	R2	control	-2.07970470325365	1.07981978933544	2.91363960161186
645	1	645	645	0	0	2	L2	S1	0.7	R1	control	-0.740243409189294	2.57790468882234	0.763127303381792
646	1	646	646	0	0	2	L2	S2	0.7	R2	case	-1.98451375647252	-1.35568966682637	2.38186377696361
647	1	647	647	0	0	2	L1	S1	0.75	R1	control	2.85825077255379	2.20524067642274	0.324349074228303
648	1	648	648	0	0	2	L1	S3	0.9	R1	control	-1.82433999074753	2.71908820286623	0.311818717758589
649	1	649	649	0	0	2	L1	S1	0.9	R1	control	3.03498087792378	0.87387546686453	1.25101622389456
650	1	650	650	0	0	2	L1	S3	0.9	R1	control	3.59792936638746	1.82880046207205	2.37888784056494
651	1	651	651	0	0	2	L2	S2	0.7	R1	control	2.73765887853781	0.841743155223045	1.56518303472499
652	1	652	652	0	0	2	L2	S3	0.75	R2	control	0.831751180090872	0.180328713801756	-0.266928635933516
653	1	653	653	0	0	2	L2	S2	0.7	R1	control	1.135698275094	1.65473610880974	-0.616900542918
654	1	654	654	0	0	2	L1	S1	0.9	R3	control	3.01342639425656	0.250238908579444	3.74135739818996
655	1	655	655	0	0	2	L2	S3	0.9	R1	control	3.25733230916548	-0.0154963456304094	2.42834742320824
656	1	656	656	0	0	2	L1	S2	0.75	R1	control	1.51268294895019	-0.626154954457273	0.174120763380728
657	1	657	657	0	0	2	L2	S3	0.7	R3	control	2.32456617839647	1.30699197711691	1.76464856947723
658	1	658	658	0	0	2	L2	S2	0.7	R2	control	-0.971365563189807	-4.42649408424467	0.464425497344798
659	1	659	659	0	0	2	L2	S3	0.75	R3	control	0.454563376815333	3.00772501510671	-0.625092177672947
660	1	660	660	0	0	2	L2	S2	0.9	R1	control	-1.12394894725035	0.913631570419454	1.91521370986125
661	1	661	661	0	0	2	L2	S2	0.9	R2	control	-0.0277564228827675	-0.815241943865007	0.705495920213762
662	1	662	662	0	0	2	L2	S1	0.7	R3	control	1.00946769838665	0.275953817722366	-0.334081573869606
663	1	663	663	0	0	2	L2	S2	0.7	R1	control	5.1781973320831	-0.127270092014515	0.857297396812676
664	1	664	664	0	0	2	L1	S3	0.9	R2	control	0.116917166273527	0.296030242384857	0.870204803939401
665	1	665	665	0	0	2	L1	S1	0.75	R1	control	1.04013335942873	-0.567926529886816	0.0986178456488558
666	1	666	666	0	0	2	L1	S2	0.9	R1	control	1.89097838101916	4.21684676840903	2.22794255625433
667	1	667	667	0	0	2	L2	S1	0.7	R1	control	4.5043402734498	0.155945984659457	2.73033226118379
668	1	668	668	0	0	2	L1	S1	0.9	R2	control	1.48013032283988	-1.05558306828792	0.761833020830202
669	1	669	669	0	0	2	L1	S2	0.9	R1	control	2.17164532008378	0.599173625464771	-0.115318427473582
670	1	670	670	0	0	2	L2	S3	0.9	R1	control	3.88458843225317	-0.673177969026875	0.945689187918789
671	1	671	671	0	0	2	L2	S3	0.75	R3	control	1.69182007335926	1.84787476093758	1.33955100105453
672	1	672	672	0	0	2	L1	S1	0.75	R2	control	0.55594052639495	0.44239794010294	-0.841486305646134
673	1	673	673	0	0	2	L1	S1	0.75	R3	control	2.855650759458	-0.91408219800698	0.181758323297137
674	1	674	674	0	0	2	L2	S2	0.9	R3	control	1.8323870993458	-0.426135990928717	-0.960590581338224
675	1	675	675	0	0	2	L2	S1	0.7	R3	control	-0.616205468421378	0.0067085370445041	1.83051990903389
676	1	676	676	0	0	2	L1	S3	0.9	R1	control	-0.279162269048059	1.57167731148152	-0.282524594589773
677	1	677	677	0	0	2	L1	S2	0.7	R1	control	3.46674812329131	2.66562972015885	0.583131568740599
678	1	678	678	0	0	2	L1	S2	0.75	R3	control	-0.582420551277377	-2.47170933199586	1.36227941919942
679	1	679	679	0	0	2	L1	S3	0.7	R1	control	3.0130363753986	1.12831868432433	1.02125500438384
680	1	680	680	0	0	2	L1	S2	0.7	R3	control	2.66773272756881	1.22624107088095	1.82727419890458
681	1	681	681	0	0	2	L1	S2	0.7	R1	control	-0.693175300581186	1.64935634265344	-0.222018112399143
682	1	682	682	0	0	2	L2	S1	0.7	R3	control	1.11003945496297	0.0750727952529753	-1.16880535753748
683	1	683	683	0	0	2	L2	S2	0.7	R1	control	0.0260808375184536	2.44088312926435	-1.75131608565832
684	1	684	684	0	0	2	L2	S3	0.9	R1	control	-0.952160394805375	1.27209189132694	-1.05955929658602
685	1	685	685	0	0	2	L1	S1	0.9	R2	control	-0.986445240849497	-2.28133935204914	-0.197406735742138
686	1	686	686	0	0	2	L1	S1	0.9	R3	control	-0.205153862532856	2.14685828957837	-0.157119892763439
687	1	687	687	0	0	2	L1	S1	0.7	R3	control	0.960099093275424	2.31040156749559	-0.26368608903056
688	1	688	688	0	0	2	L2	S2	0.7	R3	control	-2.78349986279678	1.9763403110883	0.532306612012454
689	1	689	689	0	0	2	L2	S3	0.7	R2	control	2.76701546339867	-0.718527957273559	3.00576364562521
690	1	690	690	0	0	2	L1	S2	0.7	R2	control	-0.132022116749305	-3.23784609708964	2.3163758414036
691	1	691	691	0	0	2	L2	S1	0.9	R3	control	-0.289474688324676	-0.254454945305241	1.15560049433035
692	1	692	692	0	0	2	L1	S2	0.7	R2	control	1.08421300375459	0.0142662573644192	1.41547205218697
693	1	693	693	0	0	2	L2	S3	0.7	R1	control	1.51996774362936	-0.0970858670917414	1.00543155144957
694	1	694	694	0	0	2	L2	S3	0.7	R2	control	-1.17594044950895	1.94282282248052	1.71196372623329
695	1	695	695	0	0	2	L1	S3	0.75	R2	control	-1.10577333821269	-1.4143687412831	0.508760292644029
696	1	696	696	0	0	2	L1	S3	0.7	R3	control	3.96852042533712	1.01348180554328	0.165833890466817
697	1	697	697	0	0	2	L1	S3	0.75	R3	control	1.05472540257108	2.16907899405347	-0.786957056006733
698	1	698	698	0	0	2	L2	S1	0.7	R1	control	0.598225585070692	0.345883437183008	0.647926559906488
699	1	699	699	0	0	2	L2	S1	0.9	R3	control	0.678385138987582	0.273873170168596	0.612414656516576
700	1	700	700	0	0	2	L2	S1	0.7	R1	control	1.14997099367505	2.04335439832411	0.979079812864094
701	1	701	701	0	0	2	L2	S3	0.9	R1	control	2.94937506706617	2.91417360192547	1.10745463624795
702	1	702	702	0	0	2	L2	S3	0.9	R2	control	0.988587953517953	0.0604117264071364	2.31346861930534
703	1	703	703	0	0	2	L1	S1	0.7	R1	control	1.18025245438154	1.70439021159533	0.207868497727437
704	1	704	704	0	0	2	L2	S3	0.9	R1	control	-0.22822076463786	0.476715719672326	1.62853375662673
705	1	705	705	0	0	2	L1	S1	0.75	R1	control	1.63580029705439	1.11133781826351	1.06545945902579
706	1	706	706	0	0	2	L1	S3	0.9	R1	control	0.941759717530589	-0.0546349336529453	-0.713783261234221
707	1	707	707	0	0	2	L1	S1	0.9	R2	control	-2.94713773412053	1.68495493188472	-0.770446039764192
708	1	708	708	0	0	2	L2	S2	0.9	R1	control	0.825606938693389	1.18914533901211	1.13235232457996
709	1	709	709	0	0	2	L2	S1	0.9	R1	control	4.25846177305925	-0.170620948647098	2.85196013671211
710	1	710	710	0	0	2	L1	S1	0.75	R2	case	1.38581481034918	1.17875721148187	-0.542401891612452
711	1	711	711	0	0	2	L1	S3	0.75	R2	control	-1.53683143635457	2.50290573967567	0.711383091518141
712	1	712	712	0	0	2	L1	S3	0.7	R1	control	1.63614061728293	2.80426898147774	-0.889137333496925
713	1	713	713	0	0	2	L1	S2	0.75	R1	control	1.66347466612651	1.48204481877274	3.54457904474855
714	1	714	714	0	0	2	L2	S1	0.9	R3	control	-1.16147426703955	4.541654481764	-0.187324597126415
715	1	715	715	0	0	2	L1	S2	0.7	R2	control	0.524060083933373	0.515513166492536	0.72462056556255
716	1	716	716	0	0	2	L1	S3	0.7	R1	control	0.680683215379172	3.01088086557186	1.79556610939689
717	1	717	717	0	0	2	L2	S3	0.75	R2	control	3.20669701124974	-0.256177739550134	0.448364188443236
718	1	718	718	0	0	2	L1	S1	0.7	R1	control	2.58715755242753	1.47707184221225	1.33901144479602
719	1	719	719	0	0	2	L2	S2	0.9	R1	control	0.915352466025943	1.84032649695487	2.33206690455854
720	1	720	720	0	0	2	L2	S1	0.75	R1	control	1.54018932593613	1.47742300625337	-0.02229691165201
721	1	721	721	0	0	2	L1	S3	0.7	R1	control	0.875605255016069	1.58451051508598	1.14253872483341
722	1	722	722	0	0	2	L2	S1	0.75	R3	control	3.2332490543529	-0.345222202659616	0.153521699862451
723	1	723	723	0	0	2	L1	S3	0.7	R3	control	0.261556426760881	3.0956922685723	2.13956906836829
724	1	724	724	0	0	2	L1	S1	0.75	R1	control	1.35472226730343	0.0454699690980314	1.58461294743553
725	1	725	725	0	0	2	L1	S1	0.7	R3	control	-1.40638828249084	2.11280462667201	-1.31936519593679
726	1	726	726	0	0	2	L1	S1	0.7	R3	control	0.471191250748816	-0.712894795710986	-0.412088883339212
727	1	727	727	0	0	2	L1	S2	0.75	R2	control	0.790401588048354	-2.56743211269891	-2.34832027376932
728	1	728	728	0	0	2	L2	S2	0.7	R3	control	-0.754659435699848	3.13935622326714	0.662126670109596
729	1	729	729	0	0	2	L1	S1	0.7	R3	control	1.77850341018578	0.985639627553263	0.720082053097294
730	1	730	730	0	0	2	L2	S2	0.75	R1	control	-0.0142127805456228	-1.32086005091696	-0.678239194117537
731	1	731	731	0	0	2	L2	S3	0.75	R3	control	3.17776675337931	1.51291709938774	0.335831639061566
732	1	732	732	0	0	2	L1	S3	0.75	R3	control	2.53232204093382	2.45727781788438	-1.84709832460647
733	1	733	733	0	0	2	L1	S1	0.9	R2	control	0.909514000178432	1.38798593021951	0.146146634479432
734	1	734	734	0	0	2	L1	S3	0.75	R2	control	2.24386967323649	0.31110343144657	0.807731911149288
735	1	735	735	0	0	2	L2	S1	0.9	R1	control	1.66773473216368	0.832998816249413	1.33250363612801
736	1	736	736	0	0	2	L2	S2	0.75	R3	control	0.353218983611879	0.698425742596366	0.201388553494777
737	1	737	737	0	0	2	L1	S3	0.75	R1	control	0.407106310899125	0.0782897464636022	3.84323296798088
738	1	738	738	0	0	2	L2	S1	0.7	R1	control	1.32244690239435	-0.512441473184381	0.665933914154094
739	1	739	739	0	0	2	L2	S1	0.75	R2	control	-1.75141475649373	-1.19171501625066	1.77136647610253
740	1	740	740	0	0	2	L1	S2	0.75	R3	control	2.64714238857771	-0.260249540040168	-2.07711523964088
741	1	741	741	0	0	2	L2	S3	0.75	R2	control	-2.35964756095042	1.52982369682226	2.25019990522155
742	1	742	742	0	0	2	L1	S2	0.75	R3	control	0.0507713911798103	0.242892193585758	-0.260014767112974
743	1	743	743	0	0	2	L2	S1	0.9	R3	control	4.55150132236533	1.73750809543709	-1.12065754174909
744	1	744	744	0	0	2	L2	S3	0.75	R2	control	-0.354266912502293	-0.776046879517753	-2.38175516549463
745	1	745	745	0	0	2	L2	S1	0.9	R2	control	0.0946307113953237	0.236377805997193	4.09143168685614
746	1	746	746	0	0	2	L1	S2	0.75	R3	control	0.228200313814066	0.930500842304239	1.02331823043771
747	1	747	747	0	0	2	L2	S3	0.9	R2	control	-3.02532680695668	0.609906882900811	-0.30533922905209
748	1	748	748	0	0	2	L1	S1	0.75	R3	control	2.73350723250485	-1.00110446702609	-0.765520717165059
749	1	749	749	0	0	2	L1	S2	0.9	R1	control	3.240473657342	3.15021401919039	-0.159554545238702
750	1	750	750	0	0	2	L2	S3	0.7	R1	control	1.03857865255614	0.239480064902627	-0.427888715107488
751	1	751	751	0	0	2	L2	S2	0.9	R1	control	3.47742649339521	2.64864171960822	2.27408532613947
752	1	752	752	0	0	2	L1	S2	0.9	R3	control	2.47545874797145	1.54992200022213	3.13506995439641
753	1	753	753	0	0	2	L1	S3	0.9	R2	control	-3.22263283692846	0.286890979962154	1.61449913903301
754	1	754	754	0	0	2	L1	S2	0.7	R3	control	-0.321138779596715	1.22589884225154	-0.363120446086219
755	1	755	755	0	0	2	L2	S1	0.7	R2	control	0.698825883638708	-0.00571358750282103	0.298503025931205
756	1	756	756	0	0	2	L2	S1	0.75	R3	control	3.84616539184119	-0.249629703101627	1.43213184657769
757	1	757	757	0	0	2	L1	S3	0.75	R3	control	-1.34464952703774	-0.246343006597007	0.379346134976525
758	1	758	758	0	0	2	L2	S3	0.9	R3	control	1.96757783974397	0.370967786407933	-1.03283244138176
759	1	759	759	0	0	2	L1	S3	0.75	R2	control	1.24888208821925	-0.339759252777842	0.939771321654911
760	1	760	760	0	0	2	L2	S2	0.9	R2	control	-1.85265103116315	1.33773072525227	-0.381654480258972
761	1	761	761	0	0	2	L1	S1	0.7	R1	control	0.652960117697135	0.996551744181871	0.919320278821177
762	1	762	762	0	0	2	L1	S3	0.7	R3	control	1.98408853469259	0.301559541045435	0.976686568385898
763	1	763	763	0	0	2	L1	S3	0.75	R3	control	3.5345922566235	0.69584216264526	1.53039426628389
764	1	764	764	0	0	2	L1	S1	0.75	R2	control	-4.00369155941891	0.543481484461245	1.80862656025451
765	1	765	765	0	0	2	L2	S3	0.75	R2	control	-0.0818199434480637	1.02283625477614	0.333458465595271
766	1	766	766	0	0	2	L2	S3	0.75	R3	control	1.30907185246903	-1.14453090036976	0.356581936410888
767	1	767	767	0	0	2	L2	S2	0.7	R1	control	0.712006700431422	0.977451628790455	-0.0607777207532907
768	1	768	768	0	0	2	L2	S2	0.75	R2	control	-0.270194472177959	-1.04729118714179	0.764931340323617
769	1	769	769	0	0	2	L1	S3	0.7	R1	control	2.74352287564741	0.77445768917679	-0.273518746337859
770	1	770	770	0	0	2	L2	S2	0.7	R3	control	4.28492577472161	0.719574548757324	2.19009975764472
771	1	771	771	0	0	2	L1	S3	0.7	R3	control	-2.7631568751445	-0.284311292359522	2.19479904471458
772	1	772	772	0	0	2	L2	S1	0.7	R2	control	-1.66691213615428	1.44003917312015	0.319062326974253
773	1	773	773	0	0	2	L1	S1	0.9	R1	control	-0.409186964370711	-2.63424452223485	1.7237196484748
774	1	774	774	0	0	2	L1	S3	0.75	R3	control	0.926149344996115	0.744869932649398	0.436479187157823
775	1	775	775	0	0	2	L2	S3	0.9	R1	control	1.09827787392759	0.72532501680034	0.0306010039386412
776	1	776	776	0	0	2	L1	S2	0.75	R3	case	0.308856886386894	0.63132656501002	-0.693792277873992
777	1	777	777	0	0	2	L2	S2	0.75	R1	case	0.334975571161355	1.655486071768	-0.0745376435795214
778	1	778	778	0	0	2	L1	S2	0.75	R2	control	1.43840049873563	0.69335408958118	0.0663144377188341
779	1	779	779	0	0	2	L2	S2	0.9	R3	control	1.59843296575783	0.457171414726798	0.934709887354734
780	1	780	780	0	0	2	L2	S2	0.75	R3	control	0.557353194079048	-0.990014379561658	-0.280781845260241
781	1	781	781	0	0	2	L2	S3	0.7	R1	control	0.723794167468994	0.631062312930519	-0.026312155429776
782	1	782	782	0	0	2	L1	S3	0.7	R2	control	2.2788639060289	-0.640788499603832	1.08973210164659
783	1	783	783	0	0	2	L2	S3	0.9	R3	control	-0.726285935513153	0.745245585174722	0.703365878261767
784	1	784	784	0	0	2	L2	S1	0.75	R3	control	-0.585479960176776	-1.31033713614209	1.64050702268343
785	1	785	785	0	0	2	L1	S1	0.75	R1	control	1.08228810911486	0.750357401428498	-0.10261878071703
786	1	786	786	0	0	2	L2	S2	0.75	R2	control	-3.37175191290606	-0.18305186721242	-1.23164720959576
787	1	787	787	0	0	2	L2	S1	0.9	R2	control	-1.02229297100688	-2.39764077150971	1.55646782550047
788	1	788	788	0	0	2	L2	S3	0.75	R2	control	2.31557524378918	0.029270641776538	-1.16569446840908
789	1	789	789	0	0	2	L2	S1	0.7	R1	control	0.920245278496556	2.98926236403659	0.192316715361588
790	1	790	790	0	0	2	L2	S1	0.9	R2	control	1.84841084571585	-0.391698488682061	1.34557586008847
791	1	791	791	0	0	2	L1	S2	0.7	R2	control	0.491044251071825	-0.590244875966933	-0.043776181069485
792	1	792	792	0	0	2	L2	S1	0.9	R2	control	-1.79763523415101	0.320354666374998	1.92862048396652
793	1	793	793	0	0	2	L1	S3	0.7	R2	control	-0.0183241240184384	-2.5413375040035	-0.438216937482113
794	1	794	794	0	0	2	L2	S1	0.7	R3	control	0.715783750642335	-0.0232189424320668	-0.824976759532723
795	1	795	795	0	0	2	L2	S1	0.9	R3	control	1.78659255935827	0.804417416130021	-0.82035825665588
796	1	796	796	0	0	2	L2	S1	0.9	R1	control	4.37719740100884	0.58788567917789	1.02286619445148
797	1	797	797	0	0	2	L1	S1	0.9	R2	control	-1.48175288667561	0.639927094964878	-1.21594814162442
798	1	798	798	0	0	2	L2	S2	0.7	R3	control	-0.692086205880363	2.0665487315767	1.69426024418722
799	1	799	799	0	0	2	L2	S2	0.75	R1	control	-0.540769056565923	-0.487828181924896	-0.196816764499545
800	1	800	800	0	0	2	L1	S3	0.9	R2	control	-0.137234850771523	2.05837141467345	1.84238449550966
801	1	801	801	0	0	2	L1	S3	0.7	R3	control	4.56042595493177	-2.15298136967578	0.755090425925073
802	1	802	802	0	0	2	L2	S2	0.9	R3	control	-0.0844489588223576	3.69681691777939	-2.28260282687564
803	1	803	803	0	0	2	L2	S2	0.7	R2	control	0.492814514593763	-2.34836372088757	2.18226918053026
804	1	804	804	0	0	2	L1	S1	0.9	R2	control	0.540246676461149	-1.87402452920388	-0.113086028538252
805	1	805	805	0	0	2	L1	S3	0.75	R2	control	1.9007386542627	-0.800499688217334	1.10899877239278
806	1	806	806	0	0	2	L1	S2	0.9	R1	control	0.805686490046886	0.0898556580889851	-0.664240030746892
807	1	807	807	0	0	2	L2	S3	0.7	R1	control	-1.87925202545441	-0.897876869364181	1.22268531490276
808	1	808	808	0	0	2	L1	S1	0.75	R3	control	2.11869359031261	1.16354415158027	-0.848191671391632
809	1	809	809	0	0	2	L1	S1	0.75	R3	control	0.812693631535361	-1.05143236930853	0.506106183749912
810	1	810	810	0	0	2	L1	S2	0.9	R3	control	0.930908734223083	3.01988163983532	0.123437145521972
811	1	811	811	0	0	2	L2	S3	0.9	R3	control	-0.753703464643013	1.74285559744808	-0.115575132252997
812	1	812	812	0	0	2	L1	S2	0.75	R3	control	3.76996235188308	0.544477429206996	-1.09077081243274
813	1	813	813	0	0	2	L2	S2	0.9	R2	control	-0.383579083252826	-0.877271656648453	-0.607846227856238
814	1	814	814	0	0	2	L1	S2	0.75	R1	control	0.518460058902297	0.757667456354733	2.83894806543154
815	1	815	815	0	0	2	L1	S3	0.7	R3	control	0.743400395563779	2.05614284878102	-1.37195444487034
816	1	816	816	0	0	2	L1	S3	0.9	R3	control	0.434560835510489	-0.454136431333587	0.130066651867729
817	1	817	817	0	0	2	L2	S1	0.9	R3	control	-3.56301973296295	1.17663403944473	0.662101914913068
818	1	818	818	0	0	2	L2	S3	0.75	R2	control	0.374530128485688	-1.38599438607957	2.83208531247084
819	1	819	819	0	0	2	L2	S3	0.7	R2	control	2.58834720061674	-1.16145066675425	1.30048578749538
820	1	820	820	0	0	2	L2	S1	0.9	R2	control	2.22155247305222	1.03272241958012	0.901273362298733
821	1	821	821	0	0	2	L2	S3	0.75	R1	control	2.52279139072809	3.69047386086632	-0.618628698642682
822	1	822	822	0	0	2	L2	S2	0.7	R2	control	-0.505339241324531	2.35581905105193	0.676665769225555
823	1	823	823	0	0	2	L2	S3	0.9	R3	control	0.956594170138882	1.56346329428004	-0.584978703531618
824	1	824	824	0	0	2	L1	S2	0.7	R2	control	1.19262334023599	-1.81794901670092	0.678764811646735
825	1	825	825	0	0	2	L1	S1	0.7	R2	control	2.10717773349909	2.98468319713172	1.82296079217301
826	1	826	826	0	0	2	L1	S3	0.9	R1	control	2.80462589230774	1.68239571538496	1.85540410708868
827	1	827	827	0	0	2	L2	S1	0.9	R1	control	2.5131056779865	-1.13149675638043	-0.542859460038902
828	1	828	828	0	0	2	L2	S3	0.7	R3	control	2.83315478638206	2.56388283393492	1.18618222741129
829	1	829	829	0	0	2	L2	S2	0.75	R2	control	0.583840740542492	-0.0484151876076662	2.05975225606406
830	1	830	830	0	0	2	L2	S3	0.75	R2	control	-3.60153796748096	-0.628564155072191	0.647981908115455
831	1	831	831	0	0	2	L1	S2	0.7	R1	case	0.0903708405349593	2.09066285935062	0.613409752568875
832	1	832	832	0	0	2	L2	S3	0.75	R1	control	2.12558162570434	0.242925310702852	2.08099370177707
833	1	833	833	0	0	2	L1	S2	0.9	R3	control	1.72402125288889	0.596620010754136	0.26708901373883
834	1	834	834	0	0	2	L1	S1	0.75	R2	control	0.733374882344787	-1.62458429821452	-0.809647947760403
835	1	835	835	0	0	2	L2	S2	0.7	R1	control	1.20387023107954	0.00746072398363288	-1.39415799024512
836	1	836	836	0	0	2	L2	S1	0.7	R3	control	-0.713016027458419	0.963659813955398	-1.26443698033537
837	1	837	837	0	0	2	L1	S2	0.75	R3	control	2.82363231111771	1.27804789688017	0.296474690881951
838	1	838	838	0	0	2	L1	S1	0.9	R2	control	0.912231613733808	1.46282945224153	1.7175416939999
839	1	839	839	0	0	2	L1	S1	0.7	R1	control	1.73786952536527	1.00270274062426	1.85156145479058
840	1	840	840	0	0	2	L2	S2	0.7	R1	control	2.6472246116622	-0.0126578508151262	2.83210873612515
841	1	841	841	0	0	2	L1	S1	0.7	R3	control	0.48260130663788	0.551582810494531	0.586061635978826
842	1	842	842	0	0	2	L2	S3	0.7	R1	control	-0.531461436488524	0.910507440635457	1.20976402472176
843	1	843	843	0	0	2	L2	S1	0.9	R2	control	-1.06836331710169	-0.14569189567553	2.83128960989097
844	1	844	844	0	0	2	L1	S3	0.7	R2	control	0.757449628519884	0.271622498431009	1.39053505218142
845	1	845	845	0	0	2	L2	S1	0.75	R3	control	1.32670154664902	-0.221358341668793	0.0910983746625246
846	1	846	846	0	0	2	L2	S3	0.75	R2	control	-0.731562866896929	-0.231768259231994	3.18536136620199
847	1	847	847	0	0	2	L1	S1	0.7	R2	control	2.48665263205824	0.150058489681879	-1.62681079208422
848	1	848	848	0	0	2	L1	S3	0.75	R3	control	1.210638837037	-0.253372442978011	0.936188357305066
849	1	849	849	0	0	2	L2	S3	0.75	R2	control	-0.314822385628294	-0.0588616631697862	1.15373778083249
850	1	850	850	0	0	2	L2	S2	0.7	R1	control	2.61869312231412	1.67452648080914	0.432889807471008
851	1	851	851	0	0	2	L1	S1	0.7	R3	control	-4.31389750013386	-0.940857880167373	0.00574381333769668
852	1	852	852	0	0	2	L1	S3	0.7	R1	control	2.49441197700752	1.66409109129179	-0.231126644384026
853	1	853	853	0	0	2	L2	S1	0.75	R2	control	-1.59797715450153	0.690325303530952	1.28640175255696
854	1	854	854	0	0	2	L2	S3	0.75	R3	control	-3.53935685877817	0.320615398848122	-1.56116360810839
855	1	855	855	0	0	2	L1	S1	0.9	R2	control	-0.479108708661815	0.0772194799364836	-0.381025624330118
856	1	856	856	0	0	2	L2	S2	0.75	R1	control	1.81392813955291	2.46215687857578	1.82564885526618
857	1	857	857	0	0	2	L2	S3	0.7	R1	control	2.50172013007134	-0.915832717708126	1.82781345513129
858	1	858	858	0	0	2	L2	S2	0.75	R2	control	-0.493580213349358	0.65411725054555	0.0131414921127587
859	1	859	859	0	0	2	L2	S1	0.75	R1	control	-0.0673987766552037	1.0047446942422	0.626462467367482
860	1	860	860	0	0	2	L2	S2	0.9	R1	control	2.94093588630596	1.8420257170191	-0.444981168882225
861	1	861	861	0	0	2	L1	S3	0.7	R3	control	1.3314218548466	0.272696929554851	2.98329752401297
862	1	862	862	0	0	2	L2	S2	0.7	R3	control	0.0781559837096364	2.15948430267162	-0.167940796497455
863	1	863	863	0	0	2	L2	S2	0.9	R2	control	1.67251713381622	1.45043699613726	0.712286997637376
864	1	864	864	0	0	2	L1	S2	0.7	R3	control	2.31375873364483	-0.612464989010624	-0.888163738350404
865	1	865	865	0	0	2	L1	S2	0.75	R1	control	0.449109118276814	1.91136673899022	-0.107499176523815
866	1	866	866	0	0	2	L2	S1	0.9	R1	control	0.345717631077376	-0.913164811301299	-0.861764366538201
867	1	867	867	0	0	2	L2	S2	0.75	R1	control	-0.339783887668891	-0.484152138142239	1.64159939545401
868	1	868	868	0	0	2	L2	S3	0.7	R3	control	-0.663469427129999	-0.130814028119593	-1.15001139797394
869	1	869	869	0	0	2	L2	S1	0.9	R1	control	1.02459906501216	-1.04866431587361	1.40114845007375
870	1	870	870	0	0	2	L2	S2	0.9	R3	control	-2.87831844204168	0.0677488257600117	0.626889135458636
871	1	871	871	0	0	2	L2	S2	0.7	R1	control	3.02630967982998	1.75039408911734	3.68998077088306
872	1	872	872	0	0	2	L1	S1	0.9	R2	control	-1.81484843219929	0.0529636026992024	1.75270279320933
873	1	873	873	0	0	2	L1	S3	0.7	R2	control	1.91052221972419	-1.83576189954168	0.178940644481126
874	1	874	874	0	0	2	L1	S1	0.9	R1	control	0.520597272244323	-0.586899174208408	1.04487259190895
875	1	875	875	0	0	2	L2	S2	0.75	R3	control	1.92396816034707	1.91023477716071	-1.15497755546295
876	1	876	876	0	0	2	L1	S2	0.9	R1	control	0.829085270678123	2.99542971005556	0.810143264929982
877	1	877	877	0	0	2	L2	S2	0.9	R1	control	2.9249663081302	2.498637133193	2.44510211875415
878	1	878	878	0	0	2	L2	S3	0.9	R2	control	-0.445730272666916	0.453640459220675	2.25159912376448
879	1	879	879	0	0	2	L1	S2	0.9	R1	control	3.14439974461435	0.0984081983618569	1.21897433968631
880	1	880	880	0	0	2	L1	S1	0.7	R1	control	3.0072036844379	3.54661822734674	1.70223725332902
881	1	881	881	0	0	2	L1	S3	0.9	R1	control	0.907740006435436	0.807010891057203	0.708047382648003
882	1	882	882	0	0	2	L2	S2	0.7	R1	control	-0.560340005155456	0.770635588735009	0.9639722599314
883	1	883	883	0	0	2	L1	S1	0.9	R1	control	-1.40527529694561	1.02946859514997	1.30048446436265
884	1	884	884	0	0	2	L1	S1	0.75	R3	control	0.105100785072344	0.624913740067182	1.64079149382294
885	1	885	885	0	0	2	L2	S2	0.75	R1	control	0.704623458483889	0.761616630783364	1.12911495946072
886	1	886	886	0	0	2	L2	S1	0.9	R3	control	1.47305093940365	0.0386604782268241	-0.296859879188517
887	1	887	887	0	0	2	L1	S1	0.7	R1	control	1.56522270566655	-0.505013060729687	1.58373971693193
888	1	888	888	0	0	2	L2	S1	0.9	R1	control	2.1235760410886	0.825736212117243	1.44827257466845
889	1	889	889	0	0	2	L1	S1	0.9	R1	control	0.593926914894746	0.974609906345065	1.79057176250507
890	1	890	890	0	0	2	L1	S1	0.75	R1	control	-0.500306767960085	0.645584807975297	-0.933560637041623
891	1	891	891	0	0	2	L2	S3	0.75	R3	control	-0.512396340600172	-1.5221689594592	-0.687972402752077
892	1	892	892	0	0	2	L2	S3	0.9	R2	control	1.19895066708231	0.501264092996423	2.52871419434401
893	1	893	893	0	0	2	L1	S2	0.9	R1	control	3.0806525097001	1.63307108159715	0.0445542685443199
894	1	894	894	0	0	2	L1	S3	0.9	R2	control	-1.94314879166261	-1.37126255118475	2.89786043787741
895	1	895	895	0	0	2	L2	S3	0.7	R3	control	2.79130934521576	0.373857483171493	-0.882788905237469
896	1	896	896	0	0	2	L1	S2	0.75	R3	case	5.03077213869693	0.365257202717305	-1.41073141141713
897	1	897	897	0	0	2	L2	S1	0.75	R3	control	3.02697936597961	1.21183024740429	1.2807966239669
898	1	898	898	0	0	2	L1	S2	0.75	R3	control	3.52685467107128	0.167748695351005	-0.708336360222461
899	1	899	899	0	0	2	L1	S1	0.7	R1	control	-1.24754017358338	0.444026546456871	0.283526418246164
900	1	900	900	0	0	2	L1	S2	0.9	R2	control	-3.08527473980354	0.86228804551349	1.01709486226838
901	1	901	901	0	0	2	L2	S3	0.75	R1	control	3.44548565187472	0.676630796911184	1.94485799675673
902	1	902	902	0	0	2	L2	S1	0.9	R3	control	1.51367968279558	2.78462062044765	-0.887362587917213
903	1	903	903	0	0	2	L1	S3	0.9	R3	control	1.73936623849569	-0.850313522454208	0.782302576780801
904	1	904	904	0	0	2	L1	S1	0.75	R1	control	1.89260774358438	1.95546941238983	1.04435015134933
905	1	905	905	0	0	2	L2	S2	0.75	R3	control	0.539300845066746	0.285937329055434	0.780978918269081
906	1	906	906	0	0	2	L1	S3	0.9	R2	control	1.51251738445772	-0.671582660490748	0.756842112794597
907	1	907	907	0	0	2	L1	S3	0.75	R1	control	-0.423271100949503	-0.732268650324616	-0.569151513017042
908	1	908	908	0	0	2	L2	S3	0.7	R2	control	2.14079024939376	-2.91604552803145	1.01019102151118
909	1	909	909	0	0	2	L1	S2	0.9	R3	case	0.884751638938253	0.954781714168282	-0.570141461747046
910	1	910	910	0	0	2	L2	S3	0.9	R2	control	0.364950357653434	1.369571882956	-0.695297588591354
911	1	911	911	0	0	2	L2	S1	0.9	R1	control	0.0740115256534609	-0.104731841459528	0.845280810176117
912	1	912	912	0	0	2	L1	S3	0.75	R1	control	1.85881771989564	0.585442670460102	1.20049855814589
913	1	913	913	0	0	2	L2	S2	0.7	R3	control	-1.58679769486385	0.413055397094232	2.13774336931926
914	1	914	914	0	0	2	L2	S1	0.75	R3	control	0.874749765023134	-0.852512691908459	0.0125429480544838
915	1	915	915	0	0	2	L2	S2	0.75	R2	control	-0.38163281500097	2.00677089888956	2.19695454295895
916	1	916	916	0	0	2	L1	S2	0.75	R2	control	-0.910610584837751	-0.607407167123806	0.388973198116838
917	1	917	917	0	0	2	L2	S3	0.7	R1	control	0.0859153142565973	0.097464079591692	1.28466031900319
918	1	918	918	0	0	2	L2	S3	0.7	R3	control	1.7941691785856	0.837542590637866	-0.37578129195969
919	1	919	919	0	0	2	L2	S2	0.9	R1	control	0.646683755919266	1.27986569923099	3.41700067112675
920	1	920	920	0	0	2	L1	S1	0.9	R2	control	-2.09060149489404	-0.551434175807285	0.606655915733397
921	1	921	921	0	0	2	L2	S1	0.9	R3	case	3.26532332849146	2.35957050527626	0.502793859685518
922	1	922	922	0	0	2	L1	S2	0.7	R1	control	-1.55773417131101	2.51600282435777	-0.468094410572299
923	1	923	923	0	0	2	L1	S1	0.75	R2	control	1.02085694442636	0.360588182549467	2.55434727598749
924	1	924	924	0	0	2	L1	S1	0.7	R3	control	-1.38154806079874	2.13825385049896	0.757252710908051
925	1	925	925	0	0	2	L2	S2	0.7	R3	control	-0.11250806615994	2.28030292782837	1.18610748222624
926	1	926	926	0	0	2	L1	S1	0.7	R1	control	-0.553361336783234	0.490493985843254	0.715772809867981
927	1	927	927	0	0	2	L1	S3	0.7	R2	control	0.364254860425896	0.837995657790185	0.94971647906875
928	1	928	928	0	0	2	L2	S1	0.7	R2	control	1.95045591327833	-1.96716542645113	-0.548917208723713
929	1	929	929	0	0	2	L2	S2	0.9	R1	control	1.68310002306362	1.35441500367923	1.91879467058451
930	1	930	930	0	0	2	L1	S1	0.7	R2	control	0.110891758143925	0.847948027557703	1.1680854161685
931	1	931	931	0	0	2	L2	S3	0.9	R1	case	0.705880876480133	1.98909310262487	1.09318798706021
932	1	932	932	0	0	2	L2	S2	0.7	R2	control	1.66884594597952	-1.22867557310933	0.695753426708989
933	1	933	933	0	0	2	L2	S1	0.75	R3	control	0.175623909953228	0.990563209676825	-0.304020565411096
934	1	934	934	0	0	2	L1	S3	0.7	R3	control	4.15973283658922	0.25144545701603	1.65836001979034
935	1	935	935	0	0	2	L1	S1	0.9	R2	control	-0.342168075091258	-0.498399869141946	-0.174754690716417
936	1	936	936	0	0	2	L1	S3	0.75	R3	case	1.67248911757653	-0.65738178308477	-0.408539756520128
937	1	937	937	0	0	2	L1	S3	0.75	R2	control	-0.250070220508287	1.30014939002856	2.85326041534652
938	1	938	938	0	0	2	L2	S3	0.9	R3	case	-1.65160372020111	0.614914009139684	-0.15545109553115
939	1	939	939	0	0	2	L2	S3	0.9	R1	control	3.02666005529598	1.98308756862671	-0.147944242129589
940	1	940	940	0	0	2	L2	S3	0.9	R3	control	-2.94983446837532	-1.44785725126945	0.140691041505741
941	1	941	941	0	0	2	L2	S3	0.75	R3	control	1.48888726320198	-0.145612919203622	0.162584514988286
942	1	942	942	0	0	2	L2	S3	0.7	R2	control	2.03567195794348	-0.878546632740389	0.384840159397662
943	1	943	943	0	0	2	L2	S3	0.9	R3	control	5.11294086019774	1.26913334903792	-0.0572204594215821
944	1	944	944	0	0	2	L1	S2	0.75	R1	control	2.29743914836361	0.225357764357995	0.331852886888305
945	1	945	945	0	0	2	L2	S2	0.75	R2	control	-2.51792490445045	-1.97363765097043	-0.0845736001689384
946	1	946	946	0	0	2	L1	S3	0.7	R3	control	1.66805621502032	1.35583481705683	-0.95893536591901
947	1	947	947	0	0	2	L1	S1	0.75	R3	case	1.16828590585932	2.82327545819895	-0.964142914313379
948	1	948	948	0	0	2	L1	S3	0.7	R1	control	1.31415097493291	1.29595340277602	3.12139252233746
949	1	949	949	0	0	2	L1	S2	0.9	R3	control	1.11731303373795	-0.869272157650105	1.75546943767246
950	1	950	950	0	0	2	L1	S3	0.75	R2	control	-0.0864015287997672	-2.27206109888279	0.704468830600895
951	1	951	951	0	0	2	L2	S1	0.75	R1	control	-0.493777846011277	1.48861399723978	1.63564546005506
952	1	952	952	0	0	2	L1	S2	0.9	R1	control	0.765292463412623	0.0159681102816695	1.82490241372794
953	1	953	953	0	0	2	L1	S3	0.75	R2	control	0.294889805351826	0.699060232071055	0.0142260381211946
954	1	954	954	0	0	2	L1	S1	0.75	R2	control	-2.82004620992192	-1.62288652093461	0.966037047797486
955	1	955	955	0	0	2	L1	S2	0.7	R3	control	1.49625590781769	-2.04094669130721	0.897369075745359
956	1	956	956	0	0	2	L2	S1	0.9	R1	case	1.40418790171016	1.41039684447948	2.89510999323805
957	1	957	957	0	0	2	L2	S3	0.9	R2	control	3.39643230722011	-0.870402750978914	1.65609030796644
958	1	958	958	0	0	2	L2	S1	0.9	R2	control	1.07684987728733	-1.65200542813285	0.42633083998179
959	1	959	959	0	0	2	L2	S2	0.75	R1	control	1.96707940816429	1.60149391046501	1.50886549662132
960	1	960	960	0	0	2	L2	S3	0.9	R2	control	1.94697252642327	-0.637874383552889	2.80079663002899
961	1	961	961	0	0	2	L2	S1	0.7	R2	control	-1.38001824815312	-0.086896367710578	0.948111776707149
962	1	962	962	0	0	2	L2	S1	0.9	R3	control	-3.33105858058792	2.27202907102189	0.253076371256639
963	1	963	963	0	0	2	L1	S1	0.9	R3	control	-0.392610895542254	-0.0752927174524904	0.0870490375001572
964	1	964	964	0	0	2	L2	S3	0.7	R3	control	1.59437137518257	0.28863922998432	2.96435000205531
965	1	965	965	0	0	2	L1	S2	0.7	R1	control	2.14864726066088	-0.35865498005535	1.7650787701051
966	1	966	966	0	0	2	L1	S1	0.75	R3	control	1.06450083966913	-1.13309616631829	-0.591594575635821
967	1	967	967	0	0	2	L1	S3	0.7	R2	control	1.44059189851217	-0.754450033167983	-0.947086436225077
968	1	968	968	0	0	2	L1	S1	0.7	R2	control	-0.141674523367701	-2.12275286444778	0.906726382586352
969	1	969	969	0	0	2	L2	S3	0.9	R2	control	-1.4670507806917	-0.341207941642177	-0.380627062772509
970	1	970	970	0	0	2	L2	S2	0.9	R1	control	3.73919465315662	0.29391565823232	0.868632294202014
971	1	971	971	0	0	2	L1	S1	0.7	R1	control	2.71547495394807	1.26999469849736	1.16742977336933
972	1	972	972	0	0	2	L2	S1	0.75	R2	control	-0.153684272011062	1.8964525721369	2.86758913525402
973	1	973	973	0	0	2	L1	S2	0.7	R1	control	0.121112571631943	1.21409831116241	0.532955978365457
974	1	974	974	0	0	2	L2	S1	0.9	R2	control	-0.222475863127255	0.641602600535533	-0.251044352314667
975	1	975	975	0	0	2	L2	S1	0.9	R1	control	0.593205877541071	1.44448669785741	2.10484130710687
976	1	976	976	0	0	2	L1	S1	0.9	R3	case	1.24017028946819	-0.0977911404936414	0.0293771266499994
977	1	977	977	0	0	2	L2	S2	0.7	R2	control	2.20636889488501	-0.0313257663755986	-0.633134919740005
978	1	978	978	0	0	2	L1	S2	0.7	R3	control	-1.16375676543639	1.21261094164317	1.91103594283094
979	1	979	979	0	0	2	L1	S3	0.7	R2	control	2.7213424320208	-1.65887970074635	-0.116818659398248
980	1	980	980	0	0	2	L1	S1	0.7	R3	case	-0.528943766373185	0.580826651476124	2.1150300017162
981	1	981	981	0	0	2	L1	S2	0.7	R1	control	0.406538141132096	0.0698975439084461	2.07318245463664
982	1	982	982	0	0	2	L2	S1	0.75	R2	control	-2.23286589123913	-1.728959345488	0.868059422152282
983	1	983	983	0	0	2	L1	S2	0.9	R1	control	2.67678357503826	1.92224662564858	-0.22384373975446
984	1	984	984	0	0	2	L1	S1	0.7	R1	control	2.39752752512388	0.892197000469036	2.18099819557324
985	1	985	985	0	0	2	L2	S2	0.7	R2	control	0.00393100008714464	0.613824236895147	0.644575024872883
986	1	986	986	0	0	2	L2	S1	0.9	R1	control	1.26630912605181	-0.410593583074931	0.364792600078451
987	1	987	987	0	0	2	L2	S2	0.75	R1	control	-0.3499987616345	-1.16112096557907	2.2983254650856
988	1	988	988	0	0	2	L1	S1	0.9	R3	control	4.58161758645927	1.86618350196343	-0.454688360663071
989	1	989	989	0	0	2	L1	S3	0.75	R1	control	-0.164871385734916	-1.34794065664609	0.0934699623132194
990	1	990	990	0	0	2	L2	S1	0.75	R1	control	1.47035321238984	-2.28291598094148	0.220553575657082
991	1	991	991	0	0	2	L1	S2	0.75	R3	control	-1.03568868907171	0.155836916804005	-1.65323505347709
992	1	992	992	0	0	2	L2	S3	0.75	R2	control	4.01738308831787	1.56210002120853	0.637230396345358
993	1	993	993	0	0	2	L1	S1	0.7	R2	control	0.536027805823146	0.559126783149932	0.543088817484772
994	1	994	994	0	0	2	L2	S1	0.75	R3	control	1.70323105779361	1.29558951707734	1.2731425995971
995	1	995	995	0	0	2	L2	S2	0.9	R2	control	2.44248238733284	3.85310497612845	0.400368098710178
996	1	996	996	0	0	2	L1	S1	0.75	R2	control	0.957392052140852	-1.09433313016205	2.2404246783578
997	1	997	997	0	0	2	L2	S1	0.9	R2	control	0.725079028831088	0.023068326856096	-0.707376873772732
998	1	998	998	0	0	2	L2	S1	0.9	R2	control	-0.387650736490055	0.783475882771382	-0.485629784605473
999	1	999	999	0	0	2	L2	S3	0.9	R3	control	1.48279953141039	3.47823470570345	-0.153376280046533
1000	1	1000	1000	0	0	2	L1	S2	0.9	R2	control	0.986262565944246	-0.0853985732956489	2.87055198625162
