V1	V2	V3	V4
0.0130756962954569	0.073633383762707	-0.000451432820666106	0.0677653608935808
-0.0040046465687522	-0.0521866737338216	-0.0945107048128311	0.0286838675327837
-0.0302872985622427	0.0642239848815263	0.0201115511249856	-0.0147769790075823
0.0293395871196341	-0.0794130050777853	0.0765121387560116	-0.0713936183662153
-0.119482627605503	-0.0589636965816731	0.00808382977832008	0.0427359666289654
0.000797616767825997	8.36314086154896e-06	-0.0299791066628942	-0.133807956381299
0.046076121656278	-0.0281645981868019	0.179367267070456	-0.0550180121201831
-0.0715120121004224	-0.000596263615694655	0.0564686774175866	0.087708891701762
0.00563031417367063	0.0124029170935492	0.0424013817251064	-0.102421779552781
-0.0438375068899862	-0.025610907781702	-0.0402162464024759	-0.0460577195375753
-0.00376104824143206	-0.0503384466964084	-0.0588830754647023	0.0841767176638411
0.0653696627073685	-0.00764136394480772	0.0078536192996325	0.0958123320915335
0.0366456736381189	-0.117330793878608	0.0359954117903169	0.00316329914537312
0.0240312281649501	0.100875800846562	0.103822632997947	0.105029002613048
0.0441093286564329	-0.0458618869229777	0.0479341738172319	-0.126070987244265
-0.0165808531701528	0.0173923075839267	-0.0130306972770965	0.0718644057762521
0.0539142032620635	-0.0140113860953296	0.015133448652544	-0.0602876827357758
-0.0652347302288367	-0.0186218860385994	-0.0135573440023683	-0.0666015014494844
0.00923565425560058	-0.093918310895637	0.0476665753972491	-0.0107251153759781
0.062158373698355	-0.0812819725831969	-0.0508901076725379	-0.0571737353016661
0.0805954353293154	0.0370738924867839	-0.0187100129283593	0.115161291308003
-0.0388835077907012	-0.0191271821870523	-0.0517317166483058	0.129673260775298
0.0203646921133106	0.0353704857435329	0.0520493315538119	-0.0248768937875444
-0.0855942236708134	-0.00505625669063805	-0.0253400162379437	0.10203447055199
-0.0235678939889518	-0.0260967703968366	0.0578838933302447	-0.050879387315911
0.0569520956482177	0.0588076496213253	-0.0517225296456811	0.0560428380368932
-0.0582339458706443	-0.0353469542531405	-0.0344311834015195	-0.0300212892093687
0.0784355386334787	-0.0243192284953262	0.0679638676680448	0.0275657598493234
-0.0189158125510231	0.0198349733024249	-0.0178134706528393	0.0264745587121621
0.0540822046063333	-0.054832438776832	-0.0880355841785826	0.0158758322361075
-0.0253144030045002	-0.0413298404442427	-0.0313565928157722	-0.060087277268029
-0.0862368371912287	-0.0495291919998159	-0.0274551929751776	0.0173856148935851
-0.0594512582810152	0.0274683277938467	-0.00532079631013601	-0.0490285739720657
0.043132407227192	0.0175127416296004	0.0201409742727381	-0.0188742090878007
-0.0705915333761375	0.000798695901871213	0.0735671099170441	-0.051976375734032
-0.0340196058988406	-0.0501427216616031	0.00323868076252659	0.0586725191198565
-0.0437277146117548	0.00416365304393919	0.0310792092924494	0.101783832852258
-0.010065708609432	0.0783937631507928	-0.0154280934753978	-0.0609347868379391
-0.0997473546318732	0.0317542951182318	0.0273119424836477	-0.0310353275351829
0.0707858711485389	0.00855394429907562	0.114075309323241	0.0167120416288412
-0.0490689522120117	-0.0298574923242551	0.0522530196354054	-0.0337971215608705
-0.0750987293724127	0.00361165716749771	0.049898180108447	0.0813930194871942
-0.0669549600933394	0.0912756496049427	-0.0150372686273895	0.0373323096893875
-0.0207227546523523	-0.0452799689804419	0.0214703677349971	0.0155043036984252
0.0266954839347254	-0.0427271443934055	-0.0277679304200334	0.222040709488629
-0.034816462079822	0.0715870651485442	0.0142151123814791	0.0175395485650906
0.138012622937237	-0.0512083528612786	-0.0792741293854701	0.110540720711624
0.0459929192759683	-0.0441981760527895	-0.0280943583741887	0.0202724652360461
-0.0254191618171231	-0.0583282204256885	0.0533252426099394	0.10217898846859
0.000344905218929094	-0.0898324596963597	-0.021513802680122	0.0376007090908613
-0.0595621106374346	0.0320376153465808	-0.00402611839089203	-0.0601066076801795
0.0279328719948773	0.0162383666560572	-0.0171607167890972	0.0972880711834505
-0.0678297431135033	0.0172389708409069	-0.0385832729704559	0.0165672371171653
-0.00498745975567022	0.0096644055018328	0.0366130864602707	-0.0529594701703942
-0.0273799336055477	-0.00816761898719738	-0.00210146527969777	0.00287448914760204
0.00734777712247169	0.0244243997361621	0.131382837896543	0.0614025227854998
0.0136138579925589	-0.0230545974393998	0.0756436167940169	0.0282260657495489
-0.0812294627788658	0.0359629144596968	0.0205991982448382	0.0357982560751806
-0.04340816835794	-0.0906335563933779	0.0199920311563332	-0.0601570493219679
0.0296709557445702	0.0108686533756753	-0.018707449722663	-0.0140894091714852
0.00592256216001289	-0.062738594581677	-0.0260139724757894	-0.0322511832758676
0.0415522451750425	0.0320733857542034	-0.0265125314341286	0.0486420264179491
0.0347171076386217	-0.0407635516592809	-0.00284987027226838	0.0692791245910751
0.0293114258588854	-0.0927401561844578	0.201177956932181	0.0848131984869229
0.0392796717972638	-0.00854643569951201	0.0703616977848451	0.0150847955354613
0.0727914071100863	-0.0163460581824346	-0.0194703452066939	0.0162638404042275
-0.0146201828737336	0.0475252912632061	-0.132563304589131	0.0922204963657948
0.0285057381594672	0.011328988456782	-0.0298640461481235	0.105644308458371
-0.0251209427208596	0.0111312405781461	-0.0761733359642334	-0.0649426776261399
-0.0721440075455074	0.108092862123697	0.0105326457942228	-0.0661202910240993
-0.0538501418459317	-0.056319596177841	0.112672492414002	-0.00690973918854947
-0.0141596029781308	-0.148647581111638	-0.00496061395270439	0.0713114861365883
-0.0193497212763054	-0.0277274659969266	0.00622887235805579	0.0816689534639106
0.125408502310006	0.0644252351425128	-0.102358750506986	-0.0479932020666565
0.077077703972907	0.0412952434799943	-0.120691200993311	0.07535520702798
-0.0176313478714229	-0.0397765226606904	0.00920566672297383	0.107133734698355
-0.0615167915396564	0.0223309617753668	0.0218679853090375	0.0608760743536029
-0.041041574009874	0.0614305871560657	0.092050387081112	-0.0155604398723451
0.0473023222482483	0.051159111932081	0.119098411476742	0.0761218922235452
-0.0418143543570522	0.126681814782534	0.0761899211834046	-0.0383159574555788
0.0916029503902308	-0.048074563828062	0.0221833169743505	-0.0450351460232337
-0.040807503987844	-0.0425931300219412	0.0347386820024187	0.0568074630769438
0.0147500421802304	-0.00429959319305474	0.0254882701566865	-0.00263789180158617
-0.0444781267606567	-0.103752263285052	-0.0433749611293599	0.00189316962387588
0.0299948480716638	-0.0244855216653781	0.0538235044818163	0.12876253332748
-0.0262086641466956	-0.0725767530918218	0.179549043621569	0.0845733397020375
0.0188191801414775	0.0827752837891903	-0.0547383600881987	-0.0418597985969037
0.0653210735371427	-0.0619034961717013	-0.0510124978983781	-0.0279370274825965
0.0122670316524972	0.000560734929345358	0.0364358660538014	-0.0666367864418678
-0.117499438067123	-0.0624141802830168	0.0358283117202766	-0.145738019323551
-0.0785978414649847	0.0410620346515353	0.032867987129956	0.0487343151609363
-0.08168460912541	0.0230270279590184	0.00073662740491294	0.042006696992435
0.0427128601671246	0.00347848508432538	0.0612287208023932	0.102056131168931
-0.0420772520599984	-0.0202275235484559	0.118095905497375	0.0508949587361659
0.020263909880487	0.113474977556388	0.00534354212898511	0.0866599826710373
-0.0505811457497739	0.154881921387621	0.00161581221877457	0.0554445741275769
-0.0601073173499881	0.11542916278575	0.0724481921989139	0.0709485646592533
0.0403579288614421	0.133107166527817	-0.0750451692531358	-0.0024172377864616
0.106405450751653	-0.0527982259935717	0.0543509088317927	0.0119218597354816
0.0422292038584594	0.11212421378828	-0.0368784580343164	-0.030273470583887
0.030879987930649	0.0413668869899519	0.0258055646590363	0.0316432427756342
-0.00379772357004256	0.130730707139465	0.0869968887542188	0.0706024100636322
0.116594406592476	0.0388587315148389	-0.0722688332456249	-0.0122482549299467
0.00863907298930009	0.0118293483848018	0.0448289810390328	-0.128347592038937
0.0653045772128713	0.0402357851634721	0.0387031536449145	0.0165003696236036
-0.117895693095606	-0.010814689410901	-0.00992663500280974	-0.0471510690876685
0.0194258292215242	0.0934153908428871	0.0212338581416191	0.042185958159044
0.0271135129922253	-0.0116182765317754	-0.0493647288878967	-0.0604563643360577
-0.0231866800320118	0.0345233254585723	0.00236824473483828	0.114153620015311
-0.0119879308861392	0.0588939463709246	-0.0290193298034204	-0.0594258792455953
-0.0612902714513155	-0.0467005507107555	0.0120759464090057	-0.00190500947089375
0.0394862251637486	0.0617063897884494	-0.0640242352584857	0.0640282662167775
-0.0124569898830436	0.0344966344545065	0.0260199308564869	-0.106293486537246
0.0542824860145286	0.0671409503701672	1.77805558802986e-05	0.140006318070606
-0.0377033912713724	0.108025601900933	0.0843408850159744	-0.0244658673461795
0.0197027823221408	-0.0381812236128559	0.0459613308058982	-0.0314893688193005
0.0762752213483829	-0.102714717975255	0.0457429464032966	-0.0699601432573585
-0.0821275523654793	-0.0539042043312779	-0.0874510030463631	-0.0779625082695659
0.0309026410620413	0.0179830302355484	0.0158989644475971	0.08897931514884
-0.0725748467859513	0.0152166029435611	-0.0423851030259963	-0.0106816866484407
0.00799731142032378	0.000756855944613792	-0.165912198770733	0.172811786022595
-0.0304939699664434	0.00957921536281264	0.0333929443130434	-0.0673934634350624
0.00633127903037048	-0.0443284120785933	0.103328348574183	-0.0906916817806805
-0.0250328285568531	-0.0102820255637787	-0.0033707015722015	0.0441246438064927
0.0649318059491881	-0.0530307555012319	-0.0953850556595849	0.0782454311276018
-0.0782370298142848	-0.0741800351872946	0.0125907751753866	0.102578287788721
-0.1066124269665	0.0748608801943413	0.0150843855804945	-0.0509713632999527
0.0080778945719641	-0.0708903468421661	0.0700933024837932	-0.0264745937228151
0.0580808891901879	-0.00101953259130005	-0.125777729510485	-0.0829538259091466
-0.0359876773071174	-0.00593232662161667	-0.0582464174929427	0.0192009012757419
0.055929922020563	0.102509525766542	0.0631057001548594	-0.111082199733028
0.0912763648703499	0.0393669194748497	-0.010289970383029	0.0157866226968339
0.0784134679900417	0.0709184417965731	0.00393543875656584	0.00771093229833003
-0.000533047762368947	0.0333331471084559	-0.00919217344126019	-0.0260646569470817
-0.0349967275285384	-0.0110901803709465	-0.0289808155657199	0.0922606026216341
-0.000766802692546961	-0.0184008888627309	-0.0512604318282799	0.00278636508048335
-0.0300423927136696	0.0778203959693951	0.0427013860509773	-0.0815662581023255
-0.00102532557855405	-0.0418997159685856	-0.00823781284272451	-0.0317655181757818
-0.131368802579812	0.0359109935452883	0.101267128731932	-0.123366745961385
0.0587315640655113	0.0738903246195282	0.0014824560475334	-0.0974202815961762
0.0781501780274173	0.0967864767950109	0.0577505436076316	0.0449809201502731
0.0737283387262325	-0.0528121367096762	-0.0548119835438774	0.0474792945302803
-0.0659138059401843	0.0913393115588886	-0.0329642490010193	0.0265449765702349
0.000638251722988968	-0.00529772256393066	-0.0184400779953754	-0.0258969087065819
0.0195106092925779	-0.0417732502594593	0.0394241385140818	-0.0212153162014473
0.00951599819741644	0.0400525301048123	0.00738176777660745	-0.0341989361544121
0.0206400467473129	0.0231336486435557	-0.0507363324296766	-0.0304819236641793
-0.026655730488298	0.0519529757945847	0.0389320589379665	0.00999217067653519
-0.0471868340907697	-0.0513484101176866	-0.0526817146071726	-0.00702016496401267
-0.032613808170604	-0.0309119764439011	-0.0732568359557305	-0.0196325103206437
-0.0153784464313051	0.158483162378501	0.00216233633171368	-0.0976399909855857
-0.0147219105302132	-0.0614210066665045	0.00454430182221528	-0.138884369811908
0.00460311353988639	0.0341465274428156	-0.0447447448274517	0.035484367087069
0.000254511307333288	0.0822556563993349	-0.0575595798214958	0.103911394933236
-0.02694614599934	0.0585550399167828	-0.0367062278917243	0.0360571409956381
0.0159393773218267	0.072329267438272	0.00128537328565416	-0.0083187400323227
0.0375076961811398	0.0226845245373018	-0.0251119655017505	0.0161219917409692
-0.0404532543277059	0.0594664594841782	-0.0880320235602455	0.0921170768794409
-0.106472371563672	-0.0604070587264582	-0.0529374772635574	-0.0133965756453091
-0.00520601528385264	-0.00962926355965815	-0.0329429517008975	0.105398145876628
-0.0604704196155249	0.188127061691654	0.0306454361641652	-0.0143898248596163
0.0282311209220844	-0.113516050779898	0.0734302361815946	0.0274538142785186
0.043399187017934	-0.0114794374034467	-0.0227485343231164	4.55474976934184e-05
-0.0051594084875722	-0.0768441101808635	0.00625606150500703	0.149177158550306
0.0196454923667669	0.0326681819137018	-0.00450462725769035	-0.0146402898139806
-0.0531480293743429	-0.0976413420443026	0.0130824755472886	-0.0200250963727062
-0.0346889026897186	0.123403730492736	-0.0824256925613968	-0.0253378797305925
-0.0183755470432556	0.0211774585077126	0.0778204344520004	0.0426478497742556
-0.0395640534070077	0.0566954461322746	-0.0799227868234232	0.0176400835008036
0.0717678960967745	-0.0281612086400794	-0.0266758954333988	-0.00034242689088296
0.00425890558735495	-0.0129095267443311	0.00517951648721318	-0.0642270837190266
0.149959169670058	-0.0161462807814747	0.00730206471710868	-0.0354611829940308
-0.0378088410257151	0.0365710154414753	0.018436506613944	-0.0108087419652796
0.000681277416923885	-0.153567408755544	0.0046435671929387	0.0733810183760507
-0.0422698994357956	-0.00295021691185583	-0.0698507424573616	-0.00702191108467894
-0.0214428020777413	-0.112083279898612	0.0583641333062373	-0.00455984022192636
-0.0197604530652096	-0.0276465186504445	0.031490122527504	-0.0322213672684333
-0.0240614367067971	0.0312291712523128	0.0599694694957334	-0.151729114215969
0.0289955826020311	-0.107842609561551	-0.106508870620046	-0.0557494884680556
-0.0104637641867304	0.0398939488045721	0.0621913744710534	-0.0324286515850094
0.0449088649117595	0.0123580866692137	-0.034139990969409	-0.0309523435819172
-0.0999050531062363	0.0518241047375497	-0.03307198016595	-0.0167348443126001
-0.0452962840016427	-0.0210443191796582	0.0143064602535514	0.0637028934137167
0.00173106747154126	-0.0561184915141572	-0.0470581631328715	0.0893778275796297
-0.0843231883128078	-0.0508337250113139	0.0521900749814487	-0.0445197483692691
0.0233541255286296	0.0933565179746596	0.0536333831320547	0.0175124606989208
0.000931549111590813	0.097695149521904	-0.0428903367646218	0.0145013745489609
0.0350629434951753	0.00930631173920588	-0.0598862329958927	-0.118858167906433
0.0456397172529892	-0.0407645525679835	-0.0243835639932182	0.0770050267193562
-0.0723075710072079	0.0425156739036623	0.0599141623206854	-0.144253130530847
0.131781245775242	0.0046774314955383	0.00637004504118262	0.0362089261116776
0.0617079003274337	0.0733091336756668	0.0177596584640232	-0.041172885752985
-0.0145143802818603	0.0192522328325307	0.0517037157944483	-0.148165214426736
-0.0256207045233581	0.062729095952382	0.0903995620579742	0.0749926166394916
-0.00377363456695445	-0.000360719087811531	-0.00889064416319328	0.0538656080492852
0.027095187111167	0.0200865715147353	-0.044921134888382	0.184862494155171
0.0856108433843302	0.096196124575519	0.0383171277073798	0.0861309268692769
-0.0755548047494417	0.0291908744322863	0.0705451533181788	0.0750000140867948
-0.00248924235625826	0.000386455293711574	-0.0117222163328067	-0.060318734931758
-0.105143073743187	0.0773483724932866	0.016561949272407	0.129098276665717
0.016194684236943	0.0341413175751031	-0.0195080065751744	-0.0158259299418491
0.0329708416157864	-0.0862969184819423	-0.0132933071827196	0.0347372251340447
-0.0453991783318973	0.084363425104621	-0.0702825208007512	-0.0299346871738291
0.0105509302608188	-0.0455210586398241	0.0782238877251104	0.0374434714335756
0.101594568621909	-0.0787177859204235	0.0523319211201916	-0.14621869352444
0.00998667390259583	0.0756745587264204	-0.0474812761385058	0.10811308511171
0.0934780663659701	0.00590556918752598	0.00924896266549599	-0.0319163423891467
0.0454766397194366	0.100818844479217	0.00290010221336895	-0.0831197825341814
0.00359755833805997	-0.0962169642907021	-0.0721017221970618	0.063417106685077
-0.0127687199903781	-0.0860408189723826	0.00590177030680578	-0.0248415172490999
-0.0236396263715185	-0.000422198072894235	-0.0577841856190909	0.00691517446048479
0.126645432158611	-0.0707563719572266	0.0270962364159636	-0.0726594061045762
-0.0452614788869856	-0.0336831883828711	0.0284628885734505	-0.0229702710774149
0.0175893998457003	-0.0428821039888784	0.0186826358725185	0.0761885339355155
-0.0646833882364072	-0.0497022281415487	-0.0370225936630061	0.0522558806596135
0.0157744623679347	0.0309159453240109	0.0217670343233157	0.0554592931540309
-0.0449586165176306	-0.0162120962685225	-0.107065290501756	-0.022872897821018
-0.0349949182538425	-0.0427112466362253	-0.0400916282504089	0.129632896927781
-0.0432574539474341	-0.0271233696926552	0.0788563410063871	0.0993517899487113
-0.0707100142939839	-0.00702579166183512	0.0921097095947394	-0.00396587672770552
0.141769012842011	0.0112893659929673	-0.0070063955683106	0.10732179725098
0.0467080204377737	0.00260251892592631	-0.0005701126918942	0.0214769512221318
0.0971824528463818	0.147445881674412	0.0568279967235319	-0.0663938048086574
0.00455228812225273	0.0128185788554782	0.112556722606347	-0.0580370547477175
-0.0116927398280394	-0.040908035744512	0.0235909828629731	0.0548254114504525
0.0171012105538786	0.0780298909183751	0.0657569938118101	0.0111203039097906
0.0185429412863826	0.121228036826603	0.122314784903109	-0.142178882623186
0.0288906323063738	-0.172600798306024	-0.0546633913964294	0.0378635023003127
-0.081631052375817	-0.0500548804474491	0.127441390301929	-0.0791912362938866
-0.0155339028880901	0.00535472745642256	-0.0175723612952745	-0.0980654356929334
-0.0459978136740049	-0.0445310779600633	-0.0695144547125045	-0.000711116583072709
-0.0149703788933048	-0.0499156345867686	0.0552671593582076	-0.0319504532851804
0.00328016730123991	0.00397293251092677	-0.0469272553302069	-0.0444856798755962
0.0140709319372639	0.0684705085852639	-0.0378018340445669	0.0288626690796222
-0.0288851712062472	-0.0235555756713465	0.0723395544907661	0.0190186028393352
0.0794270004449892	-0.0322391998235979	-0.0109289023559644	0.025367625727945
0.0831715417506331	0.0988294497498837	-0.00153648224641613	-0.0087248134937965
-0.012549588217174	0.0517642538612852	0.0516917459395559	-0.0391998672850911
-0.0263412621875363	0.00469107094067015	0.110400981096861	-9.33879247582044e-05
0.0847543849532748	-0.0499396448318444	0.0241471285640205	-0.114344842674127
0.167705610090597	-0.0630406782945796	0.0125803071211328	-0.0747432938585884
0.048045437425049	-0.000457313052523974	0.0468165520643219	0.0873027123850727
0.0529347340733022	-0.0492503293807838	0.0444350863612194	0.107243140627816
-0.0528214087778523	0.0612904349466195	0.0258880353253574	0.0827939154068817
0.0878713990821512	0.0845843456317787	-0.0185719766003948	0.00264444669908833
-0.0413451661000099	0.110449378957045	0.0309698391412974	-0.0347544830228371
-0.123735579231514	0.0648364336187377	0.000638838329399992	0.00852421029069214
0.0361591299443441	0.121615334556682	-0.00862082893497657	-0.0414445225526076
-0.00987081420600178	-0.01862151427739	0.0338854640244748	-0.036344559454668
-0.0103535180993238	-0.131298056247847	0.0967435227287645	0.00039446469685152
0.0236627093976626	-0.0739001436307348	-0.0412360051225204	0.00699912217186189
-0.0142942695135203	0.0582028913674916	-0.105777839556142	0.0540144401240565
0.0689287118483473	0.150241146219625	-0.0679073361362596	-0.0552798229784621
-0.0060842291010907	0.0629759883038269	0.156808193888873	-0.0241187392832829
0.0592551019220084	0.0036471111870869	-0.0226707063070844	0.122237966582047
0.0934220703019432	-0.0193151156157895	-0.102033830863019	-0.00803818994805766
-0.06486085056838	-0.00576954608756746	0.0326270838996176	0.0928962710694022
0.0494030380010303	0.0461889991884593	-0.0193850555276937	-0.106087541265858
0.103327886982888	0.0143927533657885	0.108122058947272	0.0177146772408689
-0.0569211269284528	0.0703620079466891	-0.0115026890605245	-0.118208844562345
-0.000153189667074924	-0.0158480848824874	-0.0432757761595166	-0.0141713977041527
0.0729554852765037	0.091140456933839	0.0698401927109427	-0.0608324825379038
0.00510322939479378	-0.140363619277996	-0.00454426066201815	0.0313254854682613
0.0733383316355589	0.184093103615331	-0.092206960587231	-0.093120751868856
0.0522703791263365	-0.0291466608155179	-0.0776904997681579	-0.0389662118827237
-0.0303314005606762	0.0332637946118517	-0.0240785704482131	0.00542683076911597
0.00332006516978451	0.189801514522705	-0.0330605395260718	0.0407073861552051
0.0245181045096447	-0.0406527586319745	-0.0145329909692788	0.00976914297124242
0.0376233291643057	-0.0946784505838397	-0.043101205895291	0.0857076347215499
0.0268637224382112	0.0368585708257267	-0.00015592130724078	-0.0062162022014082
0.0780443063397096	0.0210978066175699	-0.0441258625464766	0.0243104185726704
0.0730344200808033	0.0250283717960152	-0.0499632040702806	0.135357607647639
0.0395075343928662	0.0790815171438234	-0.017637787813698	0.000200814345619247
0.0539431699113707	-0.0409975314592666	-0.0190145264556241	-0.0152376256652619
-0.0714347223959712	0.0675230370291375	-0.0325693155860268	-0.0411897368189823
-0.0035409017470926	0.0431804874101715	0.00194174200738451	0.00530502690472096
-0.00811247386070532	-0.0694583012872318	0.0252013494082598	0.00199317369368768
-0.0120080437412672	-0.0240322203736698	-0.032384264329225	0.0338015086976943
0.0410604983433023	-0.0899684488617092	0.0342262869513065	-0.0528338596123421
-0.0669262060880589	0.0287767782490033	-0.0884187731244039	0.0892029928590632
0.0318169617093806	0.0137230048826967	-0.15432216742355	-0.0267112376270927
-0.0276732878115112	-0.0910990853906491	0.010736366194609	-0.219646280223545
0.0893034754336106	-0.0673964643497843	0.0557141405024676	-0.00951868163901413
0.0305485272558474	0.0341253868002234	0.0972777391361696	0.15393450603124
-0.00253411853554853	0.0285545014668953	0.0116501516147104	0.0257793701443671
-0.047180509482349	-0.0975630942991077	-0.107798443203901	-0.0187948662839483
0.0627938462757635	0.0827168910049452	-0.0969072380457498	0.134701196963836
0.0595418238112999	-0.0277280218103175	0.0295185946624151	0.0113547761970911
0.00396946766539248	0.0348054406493433	-0.0245929934848138	0.114198138873689
-0.0422360528903835	-0.0414549969620258	0.090703566213983	0.0646658356111712
0.113610116924089	0.0902234533650349	-0.0142718907456125	-0.0687463614764445
0.0633354325241554	0.00667209839584169	0.0812382264903044	-0.124561779178366
-0.101303203691897	-0.0193390292312909	0.0706085582088038	0.0173176183553285
0.0738597625621059	0.00100451290883328	0.0211480091206882	-0.00191774848126291
0.0741164908385591	-0.0135837813073459	0.0228436271892946	-0.0313096712124749
0.0590958663952508	-0.0227155073006276	0.0360192584970144	0.10236251095273
-0.0163886477598941	-0.0238220826259555	0.00457918848331069	-0.0232981841580894
-0.0125732944604566	-0.016168085215941	-0.00190673834486917	0.0428562479610386
0.0929149890778949	-0.0284458016386549	-0.00104478897905731	0.118877771755169
-0.0383330003471011	-0.00022705523161159	-0.0242336754885517	-0.018218558544099
-0.0170713857000786	0.0513268704522373	-0.0223570477465087	0.12530447800032
0.0778508601047574	0.0601453161608229	0.124492684016845	-0.0219632746035687
-0.046225265240175	0.0353793226592148	-0.0588438327834114	0.0241574003992845
-0.00616500310029866	0.0525491974923968	-0.0701170059854551	-0.0483828876225735
0.0393841535742825	-0.13475126700854	-0.0645131396384868	0.0255142470969028
-0.0696031366336039	0.0140257732349393	-0.0693498639053325	0.0522904066404978
-0.0315997278088449	0.0311775207875079	0.0476701532388015	-0.00841669485169644
-0.0132927981417122	0.0185751596077828	0.0775843042735261	0.120437240351597
0.0338908069401494	-0.00476206007058115	0.055894094353298	-0.074898700865522
-0.0219122746839475	0.0876860630489846	0.0883729365593228	-0.00910265208963359
-0.0425498878842043	-0.0284086000437583	0.0429091572642618	0.0515139130224794
-0.00715063207069853	-0.00830275476631215	0.0207506548835456	-0.0315207522153056
0.048125094178349	0.0460821582678423	0.112613788308995	-0.0208163106414704
-0.000856545066645639	0.0748123121770879	0.0765392538641014	0.0861847288355232
-0.0974360925486809	0.0686589279322469	-0.0364023105323997	0.0698050246430271
0.0481654073522466	-0.0471009295298365	-0.0129787842037388	0.072687509927571
0.0834075181443112	-0.0715869239494143	0.0266879782126463	0.0498165881251927
-0.068230290043426	0.0459259689118418	-0.0773398520636538	0.03588205067669
0.0255244398633086	-0.0863510657674979	0.0166907981663443	-0.024202084778644
-0.00328836807075714	0.0156919006492066	0.0553643845306023	-0.132136842028006
-0.0319681216110517	-0.0582980156678204	-0.0623412546394543	-0.105661288375149
-0.0365231984109709	-0.0244633795907369	-0.0797982089953541	-0.0304739845584604
0.116872664352771	0.00145932928516102	-0.034887831551035	0.033382461283785
-0.0342567009884607	0.0489338517514443	-0.0522047852202028	-0.0501303938779065
-0.040537268246063	-0.0014010943688874	0.0360626301643047	0.0514727706446459
0.0567382615388857	0.0165401851562167	0.0743799661295739	-0.0393570526155694
-0.0116565942632042	-0.0339846939908083	-0.0301140248626359	-0.0232788610502435
-0.124669616070991	0.0841733942516487	-0.0501281185473311	0.0350109641888857
-0.0474795839626774	-0.0806878199415224	-0.00838504153334992	0.00869090396221503
-0.00858644625621663	-0.0281862837893818	-0.00364536369925287	-0.0511602765452033
0.00283264811333882	0.00688514911447893	-0.0678918141989046	-0.0349556766009198
-0.0175800676844127	-0.111568159497941	-0.0197858518563349	-0.0163989907674693
-0.0221102336653146	0.0539273739488938	-0.00356309218854084	0.00391697488060023
-0.114915362476049	-0.00462995619925068	-0.0452306026196859	0.0517176058926877
-0.0972828771555381	-0.0110362169158428	-0.0608123854160421	-0.0642065108731748
0.0266781998744657	-0.0126176192539414	0.0248902921231735	-0.0138082868444205
-0.0261862442169447	0.0907100258038391	0.00713272479518939	-0.0590019451960074
-0.0767400405744341	-0.0815311649164004	-0.0231640898960062	0.0162898371394027
0.0892918958083519	0.0541673228061641	0.0670499976091216	0.0443001622936634
-0.0503021577269933	-0.0935288707908606	0.173909431421335	-0.0336070460579043
-0.000914573136889134	-0.0283251324015528	0.0417665785322841	0.0194940091866315
-0.107239515633547	0.0070968691234595	0.0387616902908922	-0.0593642772982767
-0.170487179123731	0.0502455110969839	0.0115702104095668	0.00607835134365444
0.146170828633505	0.00642061326604223	0.00296630064183889	-0.0381153166617101
-0.0440415706446623	0.0775595996521261	0.0489126383083046	-0.143192004939558
0.0221568130167904	-0.0416161122869111	0.0321179356534145	0.0258274945681339
0.0345768829897283	0.000157590267126476	-0.0905138855904213	0.00153548785277538
0.0590697511924741	-0.00699102441777892	-0.113852582330823	0.153482399974718
-0.0239528352476054	0.0224488248550348	-0.0246003221269887	0.0224648646514467
-0.0156512006224925	0.0614848080600487	0.0195879032174818	0.00632664030992221
0.0428335047070419	0.0235211870318897	-0.00501869130989033	0.074141660391315
-0.0420107000797713	-0.0290551858157094	0.00499254012824036	-0.0869020867964504
-0.102900096189049	-0.0667137451228094	0.0224029338126456	0.0772925843706449
0.00711603927164318	-0.00755099162017972	-0.014281529830239	-0.107750606089119
0.00328711675014533	0.00215174344024797	-0.0188944620098172	0.0116156850317352
-0.0207816055797827	-0.0974835200586394	0.0260605936575315	-0.110382731446236
-0.0665736028250884	0.0130873561715397	-0.0498123552456934	0.0254670481028471
-0.0290640235424146	-0.143217204978989	0.0664110783973941	-0.0715078862776963
0.0987192629409839	0.0289589341275804	0.0841924369882247	-0.0884415052662905
-0.0370468328145434	-0.0219225308939322	-0.0922036732718223	0.189760333230213
-0.0190807272289607	0.134297711098287	-0.0024411876484378	0.0140198876443337
-0.0237258542054559	-0.047563576448242	0.0155193035643621	0.1238785297451
-0.0868335843937965	-0.0478404567727832	0.0165115650996138	0.00389655754129522
-0.0812491439861962	-0.0502479838786939	-0.0647700818580891	0.0717358849616695
-0.0500977368461672	-0.0271582909607926	-0.0501487729750238	-0.031255917590527
0.0590932302440018	-0.124570506933679	0.0724092879405875	-0.033793011948708
0.00346511750497491	0.101231163705285	0.0654480397976525	-0.0732222325610521
-0.0175571106676163	0.0658087493826695	-0.0968306701655111	-0.0116987307595287
-0.0357767972761787	0.043827850910868	-0.0208653311674581	-0.119893985962372
-0.0695222714972548	0.0480387141989183	0.0585210082478412	0.0230068467585612
-0.0668305153862955	-0.0514763943628322	0.0684198612233853	-0.0908071135752887
0.0349825466255728	-0.0450957412717369	0.124979751577932	-0.0353105002506455
0.0516342952434681	0.0566577885607647	-0.0520981787344028	-0.0705073077576107
-0.0234016395869758	-0.0785736360951125	-0.0351640647855356	0.00672338268497
-0.0271883979726474	0.0657870736598872	-0.0370371395104514	-0.14246613985292
-0.0456697347852426	-0.0654965432643275	-0.0443372434987129	0.0234731954062364
0.0816739743973616	0.0437105845591882	-0.0636845716928117	-0.0613074878315378
-0.0936705216575238	0.0349972737360007	-0.0126795834107372	-0.060380269686411
-0.104595180099579	-0.0210310365587385	0.0585581102835361	-0.139759359608322
-0.111104942503036	0.0521309547907245	0.0449126224272793	0.0196470875320266
0.0296100733539245	0.0441533555883659	0.135710383918151	-0.131298795958454
0.0688283129000948	-0.000785655974116293	-0.0183299848599757	0.0455100368418298
0.108851337049491	-0.133186769373736	0.0829103113587817	-0.0998573406786384
0.0282702024688751	0.0430070381706735	0.0207878363538924	-0.0390029872121472
0.0281521628855908	0.0394630078344358	0.0285127278078775	0.114649807482704
0.0178844112861917	0.000466964533371162	-0.0593898805531113	0.0341718312385021
-0.0212541776874638	-0.12567610543693	-0.0842528886831607	-0.0315017168385737
0.0184780103386614	0.107670786439731	0.0439280850052986	0.00662710129262785
-0.036032410675031	-0.00618703773427602	-0.0445955446369748	0.0677672209719857
0.0236295245492039	0.0193061404708779	0.00229117782248356	-0.0210456916233095
0.0385442733372085	0.0957283043987828	0.110233789569738	0.00234857838302055
-0.0208681471547028	0.0694889530162321	-0.0622852549199779	-0.101166069505551
0.0579055753681785	-0.034153188591598	-0.00955116939309588	-0.0822226120515087
0.0880177991055019	-0.0306491575102697	0.0465536823666696	-0.0513158489211384
-0.0109729163310378	-0.0751878417686646	-0.0351870520722294	0.161408034618908
-0.0273865013162018	0.0322096589705975	-0.0935059669573386	0.0701626360799673
0.0761767641084296	-0.0529483517574282	0.0235971471450772	-0.0334092595146052
0.0326338144793766	0.0617825356176475	-0.0371140008209864	0.138354536693595
-0.0791074390974997	-0.036782710817304	-0.0650058781764898	-0.0288229753503919
-0.0304500399512409	-0.019628206132635	-0.072485945354283	-0.0651130292321625
-0.077056394135396	0.179483994047325	0.0677293062012172	0.0677653608935808
0.0484552241784969	-0.0921581251658978	-0.119283661213871	0.0286838675327837
0.0791878829762382	0.125032304760923	-0.0510082219574765	-0.0147769790075823
0.00923652429099317	0.0886385981738286	-0.0451350292647757	-0.0713936183662153
0.0270054711559576	0.0562269985056899	0.0914448197981286	0.0427359666289654
-0.0395184879493737	-0.046560339367004	0.0786000241866871	-0.133807956381299
0.0720947967106045	0.0168977572594784	0.0426213436311997	-0.0550180121201831
0.0533669365894388	-0.113231039944198	0.112890697502787	0.087708891701762
0.0368816485208167	-0.0898657852102085	0.00379693195182406	-0.102421779552781
0.0618032857854683	-0.0981656701956924	-0.0739252069627966	-0.0460577195375753
-0.00957026444183393	-0.076162362217487	-0.0164871397351609	0.0841767176638411
0.0497007249386172	-0.0691033438869132	-0.0771354397757747	0.0958123320915335
-0.0684929942044416	-0.0380018768286702	-0.0050984424247835	0.00316329914537312
-0.0148178269422681	-0.0410518941831543	-0.0730979796058964	0.105029002613048
0.109443105665101	-0.0037530187793198	-0.00237496986702103	-0.126070987244265
0.0059436622065471	0.0195101222467206	-0.0171993264411847	0.0718644057762521
-0.0245915452064996	-0.0494854066763888	-0.125757366903123	-0.0602876827357758
0.0402857889752056	-0.00405318844746241	0.0126489583128878	-0.0666015014494844
-0.00511158202871274	-0.0247616971676115	-0.0331296995565716	-0.0107251153759781
-0.0506480096672195	-0.0784970550293537	-0.0709539873820146	-0.0571737353016661
-0.05874116106093	0.0341745000432308	-0.0314276019444987	0.115161291308003
-0.00993622236122729	0.10897372678526	-0.00505600392788448	0.129673260775298
0.0530034101105058	-0.0121038340862323	-0.0275147134597182	-0.0248768937875444
0.0576249781017906	0.101623022582334	-0.0620618140730028	0.10203447055199
0.121764807212574	-0.00473630557172662	-0.0131566456581818	-0.050879387315911
-0.0256161028528254	-0.0364245096800179	-0.0902134169286275	0.0560428380368932
-0.0167224942026582	0.00669841773845767	0.0642341022650415	-0.0300212892093687
0.018383129932898	0.0838976253785787	0.033292029777456	0.0275657598493234
0.00305484639898577	-0.0583949610854412	-0.0305788597928921	0.0264745587121621
-0.0607116122131377	-0.0367441638782045	0.0231629035492054	0.0158758322361075
-0.0266650087775488	0.0681534177218664	0.0229476096659071	-0.060087277268029
-0.0255766853796204	0.0457753102137331	0.0680721891570573	0.0173856148935851
-0.00025615012987292	-0.0159284181708416	0.0566321332340909	-0.0490285739720657
0.0182386088517712	-0.0611732337969714	0.0821501548693407	-0.0188742090878007
0.0536203553890707	0.0374966074747198	0.0322357372679936	-0.051976375734032
-0.042316551684787	0.109409920490937	0.0322317168516094	0.0586725191198565
-0.0437102259121457	0.0465961841784053	0.0237659516521493	0.101783832852258
-0.0347364762541759	-0.0162508684240734	0.021032802834093	-0.0609347868379391
-0.00337496109936333	-0.0347332556845902	-0.00760330389602589	-0.0310353275351829
0.00792972251072064	-0.0093046998476977	0.133171202285208	0.0167120416288412
-0.00395390819593912	0.0220650096976748	0.0412443103361338	-0.0337971215608705
-0.012568871508831	0.0464061242247213	-0.110158957031633	0.0813930194871942
-0.0558848539031374	0.134161561557558	-0.0127129389811815	0.0373323096893875
0.0769502811331964	0.00747353758628958	-0.00119960389522096	0.0155043036984252
-0.0879752435136577	-0.0183098259804104	0.0419288317842637	0.222040709488629
0.0837039004962178	-0.00386017704932267	0.126631732778683	0.0175395485650906
0.000941547898024219	-0.000355301841136443	-0.0294760108725772	0.110540720711624
0.10044930026886	-0.10014993659828	-0.0583689910872333	0.0202724652360461
-0.0141590331161613	0.00756150655858873	-0.00783244450920922	0.10217898846859
-0.0715139048278226	-0.0336040842566505	0.0743366882553669	0.0376007090908613
0.0453851940776318	-0.00502684847230935	-0.070056706502418	-0.0601066076801795
0.00415396807917938	-0.0976389943275963	0.016988007506096	0.0972880711834505
-0.0142946230579786	-0.00255559608092068	0.0557709161832935	0.0165672371171653
-0.00812166340882008	-0.0401745464255562	-0.0571494213198372	-0.0529594701703942
-0.0297694553297728	0.0362369260357023	-0.0371421534010261	0.00287448914760204
-0.0936960896340228	0.122066156056809	-0.00882637772435183	0.0614025227854998
-0.152687443124173	0.0562198208230694	-0.0346257841294132	0.0282260657495489
0.0201134037401339	0.0203231829619601	-0.0347194398634212	0.0357982560751806
0.0179044665019356	-0.113533200080037	0.00176180668304762	-0.0601570493219679
-0.0327195960108028	0.0358741335166284	-0.0243935498139807	-0.0140894091714852
-0.000635133659134658	0.0575357462550332	0.107493955990827	-0.0322511832758676
0.0340206829679174	0.0508572278289128	0.0745251874336724	0.0486420264179491
0.0768166294431429	0.00868898385601724	0.0175106552131526	0.0692791245910751
0.0300299173311433	-0.0777353045934254	-0.054856544998394	0.0848131984869229
0.0101781009044153	0.0896050755563592	0.103771684675428	0.0150847955354613
-0.0489569174718887	-0.000590420527428573	0.0166278736241526	0.0162638404042275
0.0612734907492657	0.0412126177857243	-0.150953387708493	0.0922204963657948
0.0924835707352955	0.120666025722704	-0.0287439723016423	0.105644308458371
-0.0282070683616839	-0.0316175314543681	0.0154703827509623	-0.0649426776261399
0.0501429890401752	-0.0514860155837676	0.0146481234468774	-0.0661202910240993
-0.0854752997166085	0.0349412127063706	0.065319608687343	-0.00690973918854947
-0.11662549090398	0.0438477324365074	0.00606418243999521	0.0713114861365883
-0.0624399411861007	-0.0341341689245498	-0.018667790923683	0.0816689534639106
0.00893113056414667	0.0573771555063858	0.0221864079257489	-0.0479932020666565
-0.082496064399258	0.0913044246319255	0.0866587692117289	0.07535520702798
-0.0872785269857515	0.107717532658821	-0.0200114606954362	0.107133734698355
-0.0163875277824999	-0.0348136612290954	-0.0400181052858046	0.0608760743536029
0.0355772801178308	-0.0332454545999964	0.0632735725359306	-0.0155604398723451
-0.0145742658486736	-0.00115597755478517	0.0620862939967001	0.0761218922235452
0.00461945061987318	-0.0497856265564598	-0.101673124392071	-0.0383159574555788
0.000441266528257202	-0.0273238052058329	0.01911569580293	-0.0450351460232337
-0.0691249006018915	0.0409849446193666	0.0618695103719937	0.0568074630769438
0.0513463241920522	0.14797443365927	-0.0844469328562925	-0.00263789180158617
0.0223683252169202	-0.0592423152689725	-0.0687784487343426	0.00189316962387588
0.0189361370223412	0.118132117099194	0.00129117321042505	0.12876253332748
-0.0344092320918308	0.109851722664109	0.0247292781003947	0.0845733397020375
0.0567859057126708	0.0265067459625747	-0.0899498380212458	-0.0418597985969037
-0.030014957058073	0.101344195480593	0.0316312528853657	-0.0279370274825965
-0.0218481415200383	-0.00266512309584236	0.119231789782894	-0.0666367864418678
-0.0460199749767955	-0.00896863424903326	0.0563711030770194	-0.145738019323551
-0.0338757074629143	-0.0278022988071588	0.00976495521621851	0.0487343151609363
0.00741452782212926	0.0289816617156126	-0.106237696905439	0.042006696992435
-0.0174574955670116	-0.0400406187331771	-0.0659780513770063	0.102056131168931
-0.0655456965656912	0.0717097184289771	0.0535956138829629	0.0508949587361659
-0.0464205968635311	-0.0467194058117925	-0.0375416771384124	0.0866599826710373
0.00160439499009671	-0.0912222629599371	0.0192998892952909	0.0554445741275769
0.0440066873373208	0.00795079607618855	-0.050050345758645	0.0709485646592533
-0.139240930705998	0.0666499758281747	0.0204588730129785	-0.0024172377864616
-0.0549720582969045	-0.037809964385834	-0.0435931484910043	0.0119218597354816
-0.0597333114475458	0.14034645516649	0.0156236638821925	-0.030273470583887
0.043584265882188	0.073633383762707	0.00327891102303283	0.0316432427756342
-0.0341699551093663	-0.0521866737338216	-0.106102076330613	0.0706024100636322
0.0423704950312563	0.0642239848815263	-0.0356608447245829	-0.0122482549299467
0.146753368832749	-0.0794130050777853	0.0112513264991981	-0.128347592038937
0.0500733452054516	-0.0589636965816731	-0.0683031903014167	0.0165003696236036
-0.0425283977258209	8.36314086154896e-06	-0.0933012371804961	-0.0471510690876685
-0.00944846772854621	-0.0281645981868019	-0.0643334313345841	0.042185958159044
-0.108138749624474	-0.000596263615694655	-0.0410245243399001	-0.0604563643360577
0.0311849943445278	0.0124029170935492	-0.116636371889804	0.114153620015311
0.0173899016097745	-0.025610907781702	-0.0125348329027153	-0.0594258792455953
0.000619235420912075	-0.0503384466964084	0.0073458173463642	-0.00190500947089375
-0.0703763020225143	-0.00764136394480772	-0.00845068424872898	0.0640282662167775
0.0711736754824369	-0.117330793878608	-0.110965215050286	-0.106293486537246
0.0520132412319819	0.100875800846562	0.0329918366446199	0.140006318070606
-0.0507385949423519	-0.0458618869229777	-0.0677018933058514	-0.0244658673461795
-0.0367559325413453	0.0173923075839267	-0.0316960889510885	-0.0314893688193005
0.0781272400817503	-0.0140113860953296	0.0298537980484963	-0.0699601432573585
-0.0361319418231583	-0.0186218860385994	-0.0777387477618131	-0.0779625082695659
0.0166659743803112	-0.093918310895637	-0.0394492136555655	0.08897931514884
0.0382997100796433	-0.0812819725831969	-0.069911682139362	-0.0106816866484407
0.00479403125569327	0.0370738924867839	-0.0962648924390853	0.172811786022595
-0.0330662233145489	-0.0191271821870523	-0.019189673408605	-0.0673934634350624
0.0225460640964564	0.0353704857435329	-0.0210242208701218	-0.0906916817806805
0.0258702161668257	-0.00505625669063805	-0.027724742744632	0.0441246438064927
-0.05958180582475	-0.0260967703968366	-0.0298630557580962	0.0782454311276018
0.0559394580270199	0.0588076496213253	-0.0402702104136173	0.102578287788721
0.0241139768674433	-0.0353469542531405	-0.115781147399985	-0.0509713632999527
-0.0164153329134215	-0.0243192284953262	0.0929892922933714	-0.0264745937228151
0.0644900111322385	0.0198349733024249	-0.0661384913477755	-0.0829538259091466
0.0261500185551613	-0.054832438776832	-0.0805361248942383	0.0192009012757419
0.0491490761301091	-0.0413298404442427	-0.0322048243655001	-0.111082199733028
0.0578233924307731	-0.0495291919998159	-0.0243819008253634	0.0157866226968339
0.0565899306163058	0.0274683277938467	0.0386696582453886	0.00771093229833003
0.0524142847443005	0.0175127416296004	0.00916649513160401	-0.0260646569470817
0.0438118413337436	0.000798695901871213	-0.00981570624286558	0.0922606026216341
0.00711174518884191	-0.0501427216616031	-0.00622905515682561	0.00278636508048335
-0.0200757449164323	0.00416365304393919	0.0553167711465798	-0.0815662581023255
-0.0444857045895472	0.0783937631507928	0.0481621109471352	-0.0317655181757818
0.00242646164167309	0.0317542951182318	-0.0250156785184545	-0.123366745961385
0.0341589260139836	0.00855394429907562	0.064105632834649	-0.0974202815961762
0.0465461707296902	-0.0298574923242551	0.0144472170579172	0.0449809201502731
0.071403886538971	0.00361165716749771	-0.0214687190109445	0.0474792945302803
-0.0247488067860815	0.0912756496049427	0.00210366533610683	0.0265449765702349
0.0468322221461228	-0.0452799689804419	0.0444277804669528	-0.0258969087065819
0.00205392538398288	-0.0427271443934055	-0.00842408089386745	-0.0212153162014473
-0.0327306865558	0.0715870651485442	-0.00274391953009768	-0.0341989361544121
0.060204792142229	-0.0512083528612786	-0.0810107902040596	-0.0304819236641793
0.043232064332444	-0.0441981760527895	0.00652074199280563	0.00999217067653519
-0.00829060403709475	-0.0583282204256885	0.0170300785861285	-0.00702016496401267
-0.0638218605318406	-0.0898324596963597	-0.0454466822776843	-0.0196325103206437
-0.0103428560026764	0.0320376153465808	-0.123237445911676	-0.0976399909855857
0.0460225988515915	0.0162383666560572	-0.048274687915713	-0.138884369811908
0.036244580716044	0.0172389708409069	-0.0131173538959706	0.035484367087069
-0.138849900307084	0.0096644055018328	0.0867133491957324	0.103911394933236
0.100812943537793	-0.00816761898719738	0.0504475254879354	0.0360571409956381
0.0256470139039189	0.0244243997361621	0.0206652163321442	-0.0083187400323227
0.0459532735685804	-0.0230545974393998	0.032747437505411	0.0161219917409692
0.158177419926143	0.0359629144596968	-0.0480074648350628	0.0921170768794409
-0.0156532928545222	-0.0906335563933779	-0.0773102844817539	-0.0133965756453091
0.0536611051132464	0.0108686533756753	0.0374045874676131	0.105398145876628
-0.000862405873073852	-0.062738594581677	-0.0512415688615807	-0.0143898248596163
-0.06814264244238	0.0320733857542034	0.0204971272403697	0.0274538142785186
-0.000294029970948556	-0.0407635516592809	-0.0277498832482541	4.55474976934184e-05
0.0163451456466975	-0.0927401561844578	-0.000111751337156492	0.149177158550306
0.0997691527234014	-0.00854643569951201	0.0231513114875307	-0.0146402898139806
0.00712037334741684	-0.0163460581824346	0.120414041296287	-0.0200250963727062
0.104479744326215	0.0475252912632061	-0.0507499206557578	-0.0253378797305925
0.0527110512860047	0.011328988456782	0.0042953238001057	0.0426478497742556
0.131768432944749	0.0111312405781461	-0.0310270834728938	0.0176400835008036
-0.0392469442804175	0.108092862123697	-0.0105719336799151	-0.00034242689088296
0.0245163495886463	-0.056319596177841	0.0571676444895233	-0.0642270837190266
0.0796078649917047	-0.148647581111638	-0.0700450838671717	-0.0354611829940308
-0.0270083499879671	-0.0277274659969266	-0.124657524777265	-0.0108087419652796
-0.0178817632924561	0.0644252351425128	-0.0857940387245025	0.0733810183760507
-0.00692880430634361	0.0412952434799943	-0.00515010367600248	-0.00702191108467894
0.0175206934366369	-0.0397765226606904	0.0250705048151109	-0.00455984022192636
0.0659714635084807	0.0223309617753668	0.0439212111452889	-0.0322213672684333
0.0147145131253884	0.0614305871560657	0.000412235528362478	-0.151729114215969
0.0407031848808615	0.051159111932081	-0.0241187895677589	-0.0557494884680556
0.053885068569732	0.126681814782534	-0.0825007582426609	-0.0324286515850094
-0.0741847657036553	-0.048074563828062	-0.0547117649411053	-0.0309523435819172
-0.0108749769556301	-0.0425931300219412	-0.0691679066441059	-0.0167348443126001
0.0584281369485364	-0.00429959319305474	-0.00446665171817939	0.0637028934137167
0.113719736584523	-0.103752263285052	-0.0117075843413059	0.0893778275796297
-0.0295814385057542	-0.0244855216653781	-0.0316330529049509	-0.0445197483692691
-0.0530452714518819	-0.0725767530918218	-0.0818770307022925	0.0175124606989208
-0.0902553244191708	0.0827752837891903	0.0390501040642151	0.0145013745489609
-0.027918199195126	-0.0619034961717013	-0.0316557068488001	-0.118858167906433
0.126048956814864	0.000560734929345358	-0.106400759841628	0.0770050267193562
0.0304697605386292	-0.0624141802830168	-0.010696813116706	-0.144253130530847
0.133046734603158	0.0410620346515353	0.102321151943901	0.0362089261116776
-0.0268806632072371	0.0230270279590184	0.0847165925007289	-0.041172885752985
-0.00675720655628252	0.00347848508432538	0.0462905989388069	-0.148165214426736
-0.100241407579642	-0.0202275235484559	-0.0762863493640042	0.0749926166394916
-0.0882175550696492	0.113474977556388	-0.0309159792330866	0.0538656080492852
0.0841419952421335	0.154881921387621	-0.139052580600193	0.184862494155171
0.00735631692318307	0.11542916278575	0.126607079734659	0.0861309268692769
0.0147552556227201	0.133107166527817	-0.107982624689207	0.0750000140867948
0.0706271152113208	-0.0527982259935717	0.0351675678075524	-0.060318734931758
0.0146716563440947	0.11212421378828	0.132124041595102	0.129098276665717
