index	gen	fam	infam	sir	dam	sex	F1	F2	C1	R1	Trait1	Trait2	Trait3	Trait4
1561	4	1561	1	1405	1401	2	L1	S2	0.7	R1	case	-1.07535080038248	-0.760230886595694	0.581399503089656
1562	4	1562	1	1403	1402	2	L2	S1	0.7	R2	control	1.17818197491855	0.0349520829016082	1.55688729561526
1563	4	1563	1	1420	1404	2	L1	S2	0.75	R2	control	0.728621334683134	-0.0445141065519562	1.09386832872266
1564	4	1564	1	1420	1406	2	L1	S1	0.7	R1	control	0.47391857019398	0.194714776557307	1.49232393703595
1565	4	1565	1	1405	1407	2	L1	S1	0.7	R2	control	-4.121629533419	-1.33714553052889	1.35745781476264
1566	4	1566	1	1420	1408	1	L2	S2	0.9	R2	control	0.874636696629048	-0.0337223299564978	-0.530446600946562
1567	4	1567	1	1415	1410	1	L1	S1	0.75	R3	control	1.5971215939676	0.907445813529964	1.26667920006118
1568	4	1568	1	1403	1411	1	L2	S3	0.9	R1	control	3.51799962961945	-0.0376893657918751	0.700522422395712
1569	4	1569	1	1405	1412	2	L2	S1	0.75	R1	control	3.231116343232	0.12870131467935	0.34009124310666
1570	4	1570	1	1403	1414	1	L2	S2	0.75	R1	control	0.294249316311195	-1.77546656945169	3.55015410336607
1571	4	1571	1	1403	1417	2	L2	S3	0.75	R3	control	4.62149288540231	2.21966499257818	1.99554321461469
1572	4	1572	1	1405	1418	2	L2	S3	0.7	R3	control	2.89571359112117	1.09604229366878	0.324091192585799
1573	4	1573	1	1403	1424	2	L1	S1	0.75	R2	control	3.14871049766588	0.608596366997143	1.79720649898635
1574	4	1574	1	1416	1425	2	L1	S3	0.7	R2	control	-1.12042152003421	0.555163814772138	2.40658413122532
1575	4	1575	1	1416	1431	2	L2	S3	0.7	R3	control	0.871603077024157	3.91634470861872	-2.47732881429209
1576	4	1576	1	1403	1432	1	L1	S1	0.9	R3	control	0.903902812184166	2.38407959699018	0.581299364202314
1577	4	1577	1	1403	1435	2	L2	S2	0.75	R1	control	1.79506532521241	-1.59701527280042	-0.402879573602408
1578	4	1578	1	1409	1438	1	L1	S1	0.9	R1	control	-0.428167540527916	0.0790440387832387	0.989147924912546
1579	4	1579	1	1415	1440	1	L2	S3	0.75	R3	control	0.321703008298206	1.58651177336597	0.425461191855729
1580	4	1580	1	1416	1444	2	L1	S2	0.9	R1	control	2.82949848729928	0.762626433557256	-0.863205437690539
1581	4	1581	1	1405	1445	2	L2	S1	0.9	R3	control	-0.887676663891425	0.536964371357988	-0.24961510080261
1582	4	1582	1	1420	1447	2	L2	S1	0.75	R2	control	-3.58994923524695	-1.10000828624638	0.1557058058442
1583	4	1583	1	1409	1449	1	L2	S2	0.7	R3	control	2.2578137938779	1.84191541160146	2.5417582407936
1584	4	1584	1	1405	1450	1	L2	S2	0.75	R3	control	0.0270978204555753	1.84378787826084	-1.35612091682857
1585	4	1585	1	1416	1451	2	L2	S1	0.7	R2	case	-1.77260541142431	0.275591232979378	3.49490916547201
1586	4	1586	1	1405	1457	2	L1	S2	0.9	R1	control	0.946905988183644	-1.57974083902054	0.840192380270873
1587	4	1587	1	1416	1460	1	L1	S1	0.9	R1	control	-0.765215807554529	0.81093189518798	0.376304676313734
1588	4	1588	1	1416	1461	1	L2	S2	0.7	R1	control	-0.467045328599662	0.551752844455362	2.11560652867501
1589	4	1589	1	1409	1462	1	L2	S1	0.7	R3	control	0.777414400314172	1.1675412643854	-0.531297841059233
1590	4	1590	1	1413	1464	2	L2	S1	0.7	R2	control	0.16199857441772	0.305752964048669	-0.38619120457246
1591	4	1591	1	1416	1465	1	L1	S3	0.7	R2	case	-0.143810733956921	0.895888216148355	3.11106734793439
1592	4	1592	1	1416	1468	1	L2	S1	0.9	R1	control	0.97561168748255	0.44223160473216	0.38915084482173
1593	4	1593	1	1416	1469	2	L2	S1	0.9	R1	control	0.723066819097219	0.770681252375503	-0.696519274743889
1594	4	1594	1	1405	1470	1	L1	S2	0.75	R1	control	1.2477994094163	-2.27023567508521	-0.12049317992367
1595	4	1595	1	1419	1471	2	L1	S2	0.75	R2	control	0.657521353526437	-0.252771546351957	-0.741058771306246
1596	4	1596	1	1413	1472	2	L2	S2	0.7	R1	control	3.47456931538167	1.36831308695409	-0.480160236977067
1597	4	1597	1	1405	1473	2	L1	S2	0.75	R1	control	-2.68240536420905	0.950879725039038	1.3000422159139
1598	4	1598	1	1416	1474	2	L1	S1	0.9	R1	control	-0.806240688847192	-0.855392842196749	4.0590150573331
1599	4	1599	1	1416	1475	1	L2	S2	0.9	R2	case	-4.93161950505182	0.54197112392199	-0.253462425564592
1600	4	1600	1	1405	1481	1	L2	S1	0.7	R3	control	2.66906028452557	2.65586973949101	-0.754433629584876
1601	4	1601	1	1409	1482	1	L2	S3	0.7	R3	control	2.27579198720182	1.75934304001421	1.28965633510864
1602	4	1602	1	1420	1484	2	L1	S1	0.7	R2	control	0.243753704845638	0.567715662511279	-0.0502188073054112
1603	4	1603	1	1415	1487	1	L2	S1	0.75	R1	control	-0.000494756031167803	0.115346579845864	2.65030838894819
1604	4	1604	1	1405	1488	1	L1	S1	0.7	R2	control	-0.0603167827835287	-1.26374248503586	2.42860528330665
1605	4	1605	1	1413	1489	1	L2	S3	0.9	R1	control	-2.45368988249336	1.27320817100472	1.01227591682853
1606	4	1606	1	1403	1491	1	L1	S1	0.75	R3	control	-3.48648552198765	0.658836808800932	1.88589019083992
1607	4	1607	1	1413	1492	1	L1	S3	0.75	R1	control	1.75478684487978	2.79827552556667	-0.677862963578325
1608	4	1608	1	1419	1493	1	L2	S3	0.9	R2	control	1.50624744078543	1.12243058256557	2.44053108053077
1609	4	1609	1	1420	1495	2	L1	S1	0.9	R2	control	0.72532807555385	-0.842532866621449	1.70621567525926
1610	4	1610	1	1416	1497	2	L2	S1	0.9	R1	control	1.83267190398826	-1.9607632156604	1.25731422783854
1611	4	1611	1	1405	1498	1	L2	S1	0.9	R3	control	-1.94385938356119	1.74227022292347	2.23160917586644
1612	4	1612	1	1405	1499	1	L2	S1	0.7	R3	control	-0.684293392238387	2.77491490290119	0.78551677316402
1613	4	1613	1	1420	1501	2	L2	S3	0.9	R1	control	0.0555328370457288	1.29735419333107	0.85336554036543
1614	4	1614	1	1403	1502	1	L1	S1	0.75	R3	control	1.41587999488278	-0.173129108691323	0.795516532285409
1615	4	1615	1	1403	1505	1	L1	S3	0.7	R1	control	-2.06512262461571	-1.48788877251893	2.04561740412809
1616	4	1616	1	1409	1509	1	L2	S2	0.75	R1	control	-0.912518299414848	1.72178539788716	2.178557565738
1617	4	1617	1	1413	1510	1	L1	S3	0.7	R2	control	5.43667775859725	-0.304565259179276	-0.564790298409928
1618	4	1618	1	1413	1512	1	L2	S1	0.9	R1	control	1.86109395048589	1.31562934768824	-0.168063386854733
1619	4	1619	1	1413	1513	2	L1	S1	0.7	R2	control	-1.12153480362614	-2.76274858278846	-0.758475259664155
1620	4	1620	1	1413	1514	1	L1	S2	0.7	R2	control	-0.879858650835423	-1.30198128080604	0.712964349634518
1621	4	1621	1	1413	1515	2	L1	S2	0.9	R3	control	2.2945292919292	-0.34002192744985	-1.39845010741743
1622	4	1622	1	1403	1516	2	L1	S1	0.7	R1	control	0.992070571139693	0.114157651454395	0.78574219610927
1623	4	1623	1	1419	1517	2	L1	S3	0.7	R3	control	4.22891227973757	2.82022439052713	-1.58781319284307
1624	4	1624	1	1415	1518	2	L2	S3	0.7	R1	control	-0.815392422574865	-0.0810834727846956	-0.283264571752516
