index	gen	fam	infam	sir	dam	sex	F1	F2	C1	R1	Trait1	Trait2	Trait3	Trait4
1001	2	1001	1	41	501	1	L1	S1	0.75	R2	control	-0.810518893791598	1.14771066840239	0.804407899713657
1002	2	1002	1	16	502	1	L2	S1	0.75	R2	control	-3.52284996405714	-1.98559575933678	0.250478772814133
1003	2	1003	1	16	503	2	L2	S3	0.7	R3	control	3.94959681721422	0.592893263061091	-0.48503091978537
1004	2	1004	1	20	504	2	L1	S3	0.7	R3	control	4.48859687566894	-0.124690586550865	-1.32016630346054
1005	2	1005	1	42	505	1	L2	S2	0.7	R1	control	0.0867692581970844	0.571993697857407	2.31626770970235
1006	2	1006	1	47	506	1	L2	S2	0.9	R2	case	-2.14181524894793	0.502322422325391	1.58391295404278
1007	2	1007	1	22	507	1	L2	S3	0.75	R1	control	1.88988856960854	1.20765602937933	2.05089404297424
1008	2	1008	1	26	508	1	L1	S2	0.75	R2	control	-1.44114577503598	1.90298269329839	-0.953817931002792
1009	2	1009	1	41	509	1	L2	S1	0.75	R1	control	-2.89784021530856	0.681932039081687	2.66988219675877
1010	2	1010	1	43	510	1	L2	S1	0.7	R1	control	-3.19640445515055	0.774328816673815	1.06926649026904
1011	2	1011	1	5	511	1	L1	S3	0.7	R1	control	-1.68137937796665	-1.4556512034447	1.50279116174728
1012	2	1012	1	1	512	2	L1	S2	0.75	R2	control	-0.0572491634640932	-1.83686605157346	0.0385896676011179
1013	2	1013	1	6	513	1	L1	S1	0.9	R3	control	1.44233908457821	4.38975299807927	0.339804937747639
1014	2	1014	1	28	514	1	L2	S3	0.75	R2	control	1.19652330007827	0.906691205964284	1.26970179284477
1015	2	1015	1	25	515	2	L2	S1	0.7	R1	control	0.325352037507648	-0.664142920333368	1.89411846360985
1016	2	1016	1	27	516	2	L1	S2	0.9	R3	control	-0.883484094381331	-2.14365069633585	1.4662716731677
1017	2	1017	1	32	517	1	L1	S2	0.9	R1	control	2.51618858764489	-2.01281189009484	1.40782749030536
1018	2	1018	1	13	518	1	L1	S1	0.7	R1	control	-0.411021378423021	-0.0107243568225977	1.80234782722421
1019	2	1019	1	19	519	1	L2	S2	0.7	R3	control	1.94120761270569	0.76456910210329	-1.16738613944266
1020	2	1020	1	35	520	2	L2	S1	0.9	R2	control	-3.48020191566325	-1.5491126114402	-0.388332648713863
1021	2	1021	1	49	521	1	L1	S3	0.75	R1	control	-0.207437169609147	0.0493904426597779	0.825501328171596
1022	2	1022	1	46	522	2	L2	S2	0.9	R2	control	-2.33112762926927	0.562960788866823	0.160826692086101
1023	2	1023	1	22	523	1	L1	S2	0.9	R3	control	2.59665426820216	0.786542838579954	1.10973476260326
1024	2	1024	1	1	524	1	L2	S1	0.9	R3	control	1.12807537157414	0.0791923614127773	-1.94400845799279
1025	2	1025	1	50	525	2	L2	S2	0.75	R3	control	0.733502383469749	0.448009488325352	-0.0637539724458634
1026	2	1026	1	18	526	2	L1	S1	0.7	R3	control	1.54038005613463	1.61609438128201	-2.04241033975705
1027	2	1027	1	23	527	2	L1	S1	0.9	R3	control	-0.162038924393509	2.27877069242536	-0.455816613597417
1028	2	1028	1	10	528	2	L1	S2	0.75	R3	control	0.506443790651441	-0.438409441003614	-0.327863251791794
1029	2	1029	1	16	529	2	L1	S3	0.9	R1	control	0.85401819623249	0.101047463497742	1.29892727083965
1030	2	1030	1	10	530	1	L2	S3	0.7	R3	control	2.83804961661763	0.667667069022108	1.64983903843723
1031	2	1031	1	20	531	2	L2	S2	0.9	R2	control	4.81617057390201	1.07503697191418	0.0788706763126416
1032	2	1032	1	24	532	1	L1	S2	0.75	R1	control	1.87132937854485	0.70368069892005	0.783671169301138
1033	2	1033	1	8	533	1	L2	S3	0.75	R1	control	-0.203019497549286	1.67333828626453	0.946896830948922
1034	2	1034	1	8	534	2	L1	S3	0.75	R1	control	0.819590432664112	0.729841229310424	1.13029846305626
1035	2	1035	1	13	535	1	L2	S3	0.9	R2	control	1.96613831990953	2.73414718484009	0.386236997033569
1036	2	1036	1	33	536	1	L2	S2	0.75	R2	control	0.891966320377882	-0.282544172505201	-0.989627240155131
1037	2	1037	1	14	537	2	L1	S1	0.75	R2	control	-0.393530279559574	-0.33719241802846	-0.38573640031599
1038	2	1038	1	12	538	2	L1	S2	0.9	R1	control	1.83506440269681	0.201982549819293	3.19029157419581
1039	2	1039	1	34	539	1	L2	S2	0.7	R3	control	2.92119385131414	0.967352114044196	-1.42974736263269
1040	2	1040	1	40	540	1	L2	S3	0.9	R3	control	3.85885670832244	2.25468604835128	0.287729554835485
1041	2	1041	1	8	541	1	L1	S3	0.75	R2	control	-0.267634038819767	-1.32503809770871	1.02095118470037
1042	2	1042	1	37	542	1	L1	S2	0.75	R3	control	3.1139830646641	0.487782831735444	1.04778484330818
1043	2	1043	1	30	543	2	L2	S2	0.7	R1	control	-0.662601632006175	0.397582313075937	0.341533758841989
1044	2	1044	1	26	544	2	L2	S2	0.9	R3	control	-1.54721712900992	0.680619050738508	1.82808837757947
1045	2	1045	1	49	545	2	L1	S1	0.75	R3	control	1.91584177913603	0.114179732865669	1.62287981108912
1046	2	1046	1	27	546	2	L1	S2	0.7	R1	control	0.0315396019669366	-1.6204393597742	0.13393541065102
1047	2	1047	1	2	547	1	L2	S2	0.9	R3	control	1.97426510402295	2.78100214161885	0.99296394178958
1048	2	1048	1	16	548	2	L1	S1	0.75	R2	control	0.36316820989952	0.000456513291930971	0.742771754101382
1049	2	1049	1	36	549	1	L2	S3	0.75	R2	control	-0.265594368237895	-0.747796466231139	0.985428206953628
1050	2	1050	1	24	550	1	L2	S2	0.9	R3	control	2.61350677176632	1.44088574475311	0.964535857093405
1051	2	1051	1	46	551	2	L1	S2	0.75	R2	control	-2.79125679234497	-0.279275159733994	2.6015021663925
1052	2	1052	1	31	552	2	L2	S1	0.9	R3	control	-2.79562322385936	1.82640064828125	-1.05586769688677
1053	2	1053	1	2	553	2	L2	S1	0.75	R2	control	1.45178763207909	0.47843633932319	2.27620265564688
1054	2	1054	1	30	554	1	L1	S2	0.75	R1	control	0.718921495990307	2.51547669207028	0.970896065879809
1055	2	1055	1	41	555	2	L1	S2	0.7	R1	control	0.97947190081907	-0.339013640889642	0.952163074371291
1056	2	1056	1	26	556	1	L2	S2	0.7	R3	control	4.2653411144764	1.44713426460841	-1.3500109999084
1057	2	1057	1	6	557	1	L1	S1	0.9	R3	control	0.0333712157961128	3.2040228663447	1.83595336027213
1058	2	1058	1	1	558	2	L2	S1	0.7	R1	control	-1.24566531517455	-0.104796246226796	0.926304735603668
1059	2	1059	1	12	559	2	L2	S2	0.9	R3	control	2.14726098760836	2.14767886497437	0.938743586870534
1060	2	1060	1	10	560	2	L1	S1	0.7	R3	control	0.814745738781733	-0.0735407467934566	1.57137100480006
1061	2	1061	1	33	561	1	L1	S1	0.9	R1	control	-3.80919050726213	-1.1807781019329	-0.530575619124321
1062	2	1062	1	48	562	1	L2	S3	0.7	R3	control	2.83400592349979	0.242594276547848	0.53996499256202
1063	2	1063	1	28	563	2	L2	S3	0.7	R1	control	1.14486554359857	2.32457937585935	-0.812528090002305
1064	2	1064	1	42	564	1	L1	S1	0.9	R1	control	-1.32220824253654	3.33894260230165	1.06685846647931
1065	2	1065	1	27	565	2	L1	S3	0.9	R3	control	2.52766500077838	2.24208437863385	1.69761300960442
1066	2	1066	1	31	566	2	L2	S3	0.75	R1	control	-2.5632029391811	-1.03839065256743	0.727586471896691
1067	2	1067	1	8	567	2	L1	S3	0.75	R3	control	-0.978780674256289	-0.329464267378197	-0.577687775900151
1068	2	1068	1	13	568	1	L2	S2	0.7	R3	control	1.40241972546018	1.92800453999653	-0.452344839414665
1069	2	1069	1	48	569	2	L2	S1	0.75	R1	control	2.19788563479198	0.424676215017216	0.183836456099818
1070	2	1070	1	13	570	1	L2	S2	0.75	R3	control	2.07077565016197	1.65873727130496	-1.34157669741429
1071	2	1071	1	16	571	2	L1	S2	0.7	R2	control	2.2806718802836	-2.03748810415349	2.50572509076773
1072	2	1072	1	16	572	1	L1	S1	0.75	R2	control	1.31906140412961	-1.77910815075418	2.24565102246444
1073	2	1073	1	27	573	1	L2	S3	0.75	R1	case	-1.83027966641383	2.12313345830118	2.2247016048565
1074	2	1074	1	9	574	1	L2	S3	0.9	R3	control	2.51017238319969	1.55459924954684	-1.49402763935303
1075	2	1075	1	1	575	1	L2	S3	0.75	R2	control	1.14843759482132	-1.39766775631251	0.0414721270441838
1076	2	1076	1	22	576	2	L1	S3	0.75	R3	control	2.04312412600104	-0.832352265341671	1.57428316595691
1077	2	1077	1	49	577	1	L1	S2	0.75	R2	control	0.308014772391284	-1.19184062245803	0.229527879321008
1078	2	1078	1	17	578	2	L2	S1	0.9	R1	control	-1.0423081374004	-0.423243024354016	-0.120538041988714
1079	2	1079	1	19	579	2	L2	S3	0.75	R1	control	2.4578436661245	1.24397444454118	-2.25598826069747
1080	2	1080	1	35	580	1	L1	S3	0.75	R2	control	-2.68542189955218	2.21314505821763	0.675330041239569
1081	2	1081	1	39	581	1	L1	S1	0.75	R3	control	0.820652014115586	0.503747685210762	0.353775446864727
1082	2	1082	1	21	582	2	L2	S3	0.75	R2	control	-0.347048548974842	2.1258270868407	0.524630815911241
1083	2	1083	1	11	583	2	L1	S3	0.75	R2	control	-1.00208284007385	0.353111495614611	1.08588041174944
1084	2	1084	1	21	584	1	L2	S1	0.9	R1	control	0.111194935522434	-0.428980842210489	1.39809037138907
1085	2	1085	1	11	585	1	L2	S1	0.9	R1	control	2.11122818311064	3.12526878506581	0.618381848980491
1086	2	1086	1	34	586	2	L2	S2	0.7	R3	control	4.52299895482058	2.62846225030911	-0.500726138985515
1087	2	1087	1	49	587	2	L1	S1	0.75	R2	control	-1.42262788139723	-0.824839680223119	1.15178193940734
1088	2	1088	1	25	588	2	L2	S1	0.75	R3	control	5.05858009764096	3.73582672251444	-0.363512185059022
1089	2	1089	1	23	589	1	L2	S2	0.7	R3	control	2.53054677238597	3.01958680740742	0.917801068148776
1090	2	1090	1	8	590	1	L2	S2	0.7	R3	control	4.38180215394785	0.511561265917436	-1.44756927684943
1091	2	1091	1	36	591	1	L2	S3	0.9	R2	control	1.06543101555127	0.12669894914683	1.90054856166851
1092	2	1092	1	39	592	2	L1	S2	0.75	R2	control	0.53632804890443	-1.13254579454844	-0.981083050750543
1093	2	1093	1	8	593	2	L2	S3	0.9	R3	control	3.78551392276465	2.15317721995241	1.99825130805524
1094	2	1094	1	17	594	1	L1	S1	0.75	R2	control	-2.17515822859598	-0.315736046808576	1.32785102408083
1095	2	1095	1	48	595	1	L1	S3	0.75	R1	control	1.25357238941772	1.4029731183681	-1.66473789129365
1096	2	1096	1	22	596	1	L1	S2	0.75	R3	control	6.00353842873651	-1.23244605353483	-0.331594221351733
1097	2	1097	1	37	597	1	L2	S1	0.7	R1	control	-0.00160237511988962	1.55113871844029	1.9673073165038
1098	2	1098	1	33	598	2	L2	S1	0.9	R3	control	1.8233257296445	-1.28872394556809	-0.459328031778456
1099	2	1099	1	20	599	2	L2	S2	0.7	R1	control	0.672746483320284	-0.722095733354533	-0.0879348277611195
1100	2	1100	1	24	600	2	L1	S2	0.9	R1	control	0.713169995644957	1.63721991438397	0.484444569951724
1101	2	1101	1	43	601	2	L2	S2	0.9	R3	control	0.93831084760868	4.05262758854079	1.01240118517174
1102	2	1102	1	21	602	1	L1	S3	0.75	R2	control	-0.932686771819895	-0.0332822481126879	1.95525095583463
1103	2	1103	1	3	603	2	L1	S1	0.9	R2	case	-0.690314247203519	-0.212605852458654	1.36667060690217
1104	2	1104	1	35	604	2	L2	S2	0.9	R3	control	-0.698118220820802	4.63952882128468	-1.00708293308991
1105	2	1105	1	31	605	2	L1	S2	0.9	R3	control	1.00091503183751	1.75506592990565	0.879098492257407
1106	2	1106	1	4	606	2	L2	S2	0.9	R2	control	-2.6714677628065	0.359790178418881	0.744460124054442
1107	2	1107	1	39	607	2	L1	S1	0.9	R1	control	-0.672219592008034	-0.11763061165492	1.2860950349863
1108	2	1108	1	25	608	1	L1	S2	0.75	R3	control	3.28299764233575	1.71576269977469	0.0404154133814028
1109	2	1109	1	3	609	2	L2	S2	0.75	R3	control	2.64495649844512	-0.218753960311248	-1.06375557508169
1110	2	1110	1	31	610	2	L1	S2	0.7	R3	control	-2.51211948019738	1.72841862334309	1.33543890365359
1111	2	1111	1	50	611	1	L2	S3	0.75	R3	control	1.5503592036252	3.09027488724629	1.20403311157853
1112	2	1112	1	34	612	1	L1	S2	0.75	R1	control	0.953694509533268	0.0429173809943235	-1.03006370514998
1113	2	1113	1	22	613	1	L2	S1	0.7	R1	control	1.89609628677055	0.59841353997349	3.04538068688079
1114	2	1114	1	39	614	2	L1	S1	0.9	R2	control	-1.13046259350977	-0.385789168857094	-0.370537447051927
1115	2	1115	1	50	615	2	L2	S1	0.7	R1	control	-1.64411440606659	0.673489569147948	0.519136195499871
1116	2	1116	1	44	616	2	L1	S3	0.9	R3	control	1.44169358795803	2.21132605420817	1.73316317148561
1117	2	1117	1	42	617	2	L2	S3	0.7	R2	control	1.68309469283716	0.559786153872539	1.90534623924128
1118	2	1118	1	23	618	2	L1	S1	0.7	R3	control	1.81518828173821	0.535190664790086	-0.241295228833894
1119	2	1119	1	26	619	1	L2	S3	0.7	R1	control	1.52193864064723	1.31957871609906	1.23153112026524
1120	2	1120	1	4	620	2	L2	S2	0.9	R2	case	3.14850961326241	0.478238680385489	3.26721639360078
1121	2	1121	1	16	621	1	L2	S2	0.9	R2	control	0.382182082314584	-0.351754708239521	3.18050732372957
1122	2	1122	1	12	622	2	L1	S1	0.9	R2	control	0.063267038667788	0.105183189510937	1.94415377753037
1123	2	1123	1	32	623	2	L2	S2	0.7	R1	control	0.862426009371067	1.33122401250719	2.90319632809391
1124	2	1124	1	22	624	1	L2	S1	0.7	R3	control	-0.493772780545909	-0.363434438190208	-0.416646048228142
1125	2	1125	1	19	625	2	L2	S2	0.7	R3	control	2.45534653108793	1.99652336906056	1.30772909962073
1126	2	1126	1	38	626	1	L2	S2	0.9	R2	control	2.04379102832639	-1.17351111304884	-0.480798542991469
1127	2	1127	1	50	627	2	L1	S2	0.7	R2	control	0.156333845310426	0.202087535536227	1.04640014962143
1128	2	1128	1	20	628	1	L2	S3	0.75	R3	control	5.17143107696781	0.562943779367742	-2.15391333765004
1129	2	1129	1	37	629	1	L1	S1	0.75	R1	control	2.36236641279558	-0.233663998592736	1.70760408884278
1130	2	1130	1	49	630	2	L2	S1	0.9	R2	control	-2.64557689096592	0.516020732166165	0.839199087142415
1131	2	1131	1	29	631	1	L1	S2	0.7	R2	control	-1.59690541615445	0.998096505834902	0.792225575547483
1132	2	1132	1	27	632	1	L1	S1	0.9	R3	control	0.96716718231707	-0.0291911346751134	-0.928882471361426
1133	2	1133	1	41	633	1	L2	S2	0.7	R1	control	2.44955226923624	0.361025323203757	1.9234777202855
1134	2	1134	1	40	634	2	L1	S2	0.7	R3	control	3.36820754320881	0.410674853712836	1.92097558129326
1135	2	1135	1	6	635	1	L2	S2	0.7	R3	control	3.97674770643328	1.3365470577346	-0.0155788869431023
1136	2	1136	1	15	636	2	L1	S2	0.9	R3	control	-0.34946369128634	0.124386628230552	0.950123022112337
1137	2	1137	1	35	637	1	L2	S2	0.9	R1	control	-0.244866621051748	1.68798736994598	2.30245780286454
1138	2	1138	1	29	638	2	L1	S3	0.7	R1	control	-1.06732441169335	1.74667701452273	0.610333327688075
1139	2	1139	1	4	639	1	L1	S1	0.75	R2	control	-3.23241207347514	0.760440048423959	0.0516627171724243
1140	2	1140	1	22	640	1	L1	S1	0.75	R1	control	-1.41770884135551	-0.0722958568019493	1.63509563685457
1141	2	1141	1	35	641	2	L2	S1	0.7	R2	case	-0.204147520565612	1.52659354936033	-1.16312589511607
1142	2	1142	1	30	642	1	L1	S1	0.7	R3	control	2.58519806597836	2.88508893022182	0.900599886513543
1143	2	1143	1	23	643	1	L2	S1	0.9	R3	control	-0.873343668056677	-0.344388801598352	0.556061933286978
1144	2	1144	1	18	644	2	L1	S1	0.9	R3	control	1.97852693508075	3.06140694778413	1.37849907912255
1145	2	1145	1	7	645	1	L1	S3	0.9	R2	control	0.97008194787314	-2.22920467666111	2.33095745417817
1146	2	1146	1	22	646	1	L1	S2	0.9	R3	control	1.07662667178536	0.749381036215007	-2.33280765050237
1147	2	1147	1	39	647	2	L1	S2	0.75	R2	control	-1.15673721713549	0.523793053428765	0.999360468373115
1148	2	1148	1	19	648	1	L2	S3	0.9	R2	control	-0.440412125249342	-1.56197522747622	1.76296821095703
1149	2	1149	1	25	649	2	L1	S3	0.75	R1	control	-0.0112226711423127	-0.595892535809368	0.992705351109467
1150	2	1150	1	10	650	2	L1	S2	0.9	R3	control	0.174056013311723	2.01220705221166	2.2648851539084
1151	2	1151	1	35	651	1	L1	S3	0.75	R2	case	2.03820349497312	-0.129925343264376	0.767766349031727
1152	2	1152	1	20	652	2	L1	S2	0.75	R3	control	4.54423862742818	0.153567466515816	-0.0819328597749508
1153	2	1153	1	4	653	1	L1	S3	0.9	R3	control	2.01955070862595	-0.347029363873588	2.54063784439009
1154	2	1154	1	45	654	2	L1	S1	0.7	R1	control	1.62991569979208	-1.1397643317372	0.974919771930714
1155	2	1155	1	44	655	1	L1	S1	0.7	R1	control	3.88325531435381	-1.91459174124448	-0.00225938099873167
1156	2	1156	1	30	656	2	L2	S1	0.9	R2	control	-0.53647931709061	1.65832029337061	0.332104977986999
1157	2	1157	1	15	657	1	L1	S1	0.75	R3	control	-1.18150816318097	-1.42929089897442	-1.20059354134466
1158	2	1158	1	41	658	1	L1	S1	0.7	R1	control	1.67442304220892	0.293110008997484	1.5910496000486
1159	2	1159	1	45	659	1	L2	S3	0.9	R1	control	1.07070819293867	0.465018454851997	1.84480575124701
1160	2	1160	1	22	660	1	L1	S1	0.75	R2	control	2.51035581432067	-0.936157768471054	1.13902554182856
1161	2	1161	1	14	661	1	L1	S3	0.75	R2	control	-1.95984820141617	0.0185010585377854	-0.975754980920894
1162	2	1162	1	42	662	1	L2	S3	0.7	R2	control	-1.65717635350343	1.6718528714316	0.122498337935154
1163	2	1163	1	15	663	2	L1	S1	0.9	R3	control	-1.213993978598	1.05882685084369	-1.45811149650849
1164	2	1164	1	2	664	2	L1	S2	0.75	R1	control	-0.572123403552117	-0.155443779862568	1.36757744988817
1165	2	1165	1	39	665	2	L1	S1	0.7	R1	control	-0.618557259647649	0.322034805585622	-1.04343686993853
1166	2	1166	1	36	666	1	L1	S1	0.9	R1	control	0.189505758140771	-1.32688745908304	0.832200362774674
1167	2	1167	1	29	667	2	L2	S2	0.75	R2	control	1.34131722791595	1.20603771411006	0.743059307435405
1168	2	1168	1	44	668	2	L1	S1	0.9	R3	control	3.22122108387311	-0.758397783165626	-1.01975433924731
1169	2	1169	1	9	669	2	L1	S3	0.7	R2	case	-0.409049118165893	-0.162701599072471	-1.79543679817489
1170	2	1170	1	8	670	2	L1	S3	0.7	R1	control	1.07025976656189	0.518044633161694	1.60875250645619
1171	2	1171	1	15	671	2	L2	S2	0.75	R2	control	2.02634613086823	-0.338009378889104	2.27787425728531
1172	2	1172	1	38	672	1	L1	S1	0.9	R3	control	1.91647640879735	0.394802211818329	-0.814922593867031
1173	2	1173	1	19	673	1	L1	S3	0.75	R3	control	2.49929832234541	1.87535100430517	1.0551641717438
1174	2	1174	1	20	674	2	L1	S1	0.75	R3	control	5.90060466387526	1.63025012720735	-3.67651951218971
1175	2	1175	1	32	675	1	L2	S3	0.7	R3	control	3.13094213506639	2.03456377295051	-0.55187855697227
1176	2	1176	1	14	676	2	L2	S1	0.7	R1	control	-0.575440583951645	1.07776483627997	-0.24783805342604
1177	2	1177	1	17	677	1	L2	S1	0.9	R2	control	-2.23663899718476	0.426199573778248	0.619986010010037
1178	2	1178	1	33	678	2	L2	S3	0.75	R2	control	0.518459306493908	2.08940929790808	1.35586648173999
1179	2	1179	1	32	679	1	L1	S2	0.75	R2	control	1.05639580177599	-0.193325572628288	1.23398729896124
1180	2	1180	1	47	680	1	L2	S1	0.9	R1	control	2.82875438063371	1.09332763666816	1.54003461383826
1181	2	1181	1	43	681	1	L1	S2	0.9	R2	control	-2.19677207371013	-0.837345861041663	2.43125056960246
1182	2	1182	1	18	682	1	L1	S3	0.9	R1	control	0.687480804430979	1.5470273039705	-0.48821390945364
1183	2	1183	1	28	683	2	L2	S3	0.9	R3	control	-0.578410211438615	-1.14568992162214	0.657717536417192
1184	2	1184	1	12	684	1	L2	S2	0.75	R1	control	1.00591769399908	-0.561812941184524	1.16164785018282
1185	2	1185	1	17	685	1	L2	S1	0.75	R3	control	2.43355165213762	1.94621309021786	0.164650172089508
1186	2	1186	1	33	686	1	L1	S2	0.75	R2	control	1.04710007674436	0.476082702531828	-0.151339784541737
1187	2	1187	1	38	687	2	L2	S2	0.9	R3	control	1.80318318102045	0.256737945868842	0.763019248169631
1188	2	1188	1	35	688	2	L2	S3	0.75	R2	control	-2.34329645520713	1.96972375334901	0.149163465714614
1189	2	1189	1	33	689	1	L1	S2	0.7	R2	control	-1.22901351412184	-0.610633117574438	0.135395708803906
1190	2	1190	1	39	690	2	L1	S3	0.7	R3	control	1.29347559551861	3.02291720290561	-0.685595968076924
1191	2	1191	1	40	691	2	L1	S1	0.75	R3	control	0.930019709332082	0.0822285335987715	0.414117766917199
1192	2	1192	1	42	692	2	L1	S3	0.75	R1	control	3.05220453189322	2.90444079374415	1.65183210229769
1193	2	1193	1	41	693	2	L1	S1	0.7	R2	control	4.57841414283835	0.0386987811239546	0.738958716686124
1194	2	1194	1	1	694	2	L2	S1	0.75	R3	control	3.13190651790808	-0.170850371473581	0.136639016544099
1195	2	1195	1	25	695	1	L1	S2	0.9	R3	control	2.46600053587687	0.968572571251464	-0.556708591012499
1196	2	1196	1	7	696	1	L2	S1	0.9	R1	control	0.138256182147112	0.0406427701326042	2.3169522632324
1197	2	1197	1	14	697	1	L2	S1	0.75	R2	control	2.90341721565081	-1.28104821528183	-0.844234118157355
1198	2	1198	1	8	698	1	L1	S2	0.7	R2	control	0.567099269857617	0.418850595604815	1.80898451441708
1199	2	1199	1	18	699	1	L2	S3	0.75	R2	control	1.3344843296681	-0.149757507021862	3.43265633891463
1200	2	1200	1	32	700	2	L2	S2	0.75	R3	control	3.05230234962895	1.12974320966082	-1.1703231774494
1201	2	1201	1	37	701	2	L2	S2	0.75	R3	control	2.84521390298032	-0.0970415844166953	1.320030444882
1202	2	1202	1	33	702	1	L2	S1	0.9	R3	control	2.35760998834144	3.15714911494272	-1.98248029320544
1203	2	1203	1	27	703	2	L1	S3	0.9	R1	control	-0.0811743115345905	1.9227602691673	2.85613344527481
1204	2	1204	1	31	704	1	L2	S2	0.75	R2	control	-2.43633010381241	0.453700179717529	1.1479300915369
1205	2	1205	1	39	705	2	L2	S2	0.75	R3	control	0.42041763290626	3.70571727404521	1.48975755528895
1206	2	1206	1	24	706	2	L1	S1	0.9	R1	control	1.0269335685446	1.01499927280533	1.37986613142857
1207	2	1207	1	18	707	1	L2	S2	0.7	R3	control	-0.515706996341512	5.02765762792734	-0.592106515316986
1208	2	1208	1	2	708	2	L1	S1	0.7	R1	control	1.19374507872679	1.52307856859572	2.21922414067553
1209	2	1209	1	25	709	1	L1	S2	0.9	R1	control	2.07585229361106	3.11030261750486	0.54048007837573
1210	2	1210	1	18	710	1	L2	S1	0.9	R1	control	1.38471440273177	1.52068019892282	0.549700457507423
1211	2	1211	1	48	711	2	L2	S3	0.75	R1	control	2.47718926332413	0.522096130684278	0.239170066074302
1212	2	1212	1	3	712	1	L2	S1	0.75	R2	control	3.6235002784907	-0.455858146845678	-1.08450561365641
1213	2	1213	1	28	713	1	L2	S2	0.75	R2	control	0.798051881081803	0.548245686846154	1.53971527648698
1214	2	1214	1	12	714	2	L2	S1	0.7	R2	control	2.1362595509087	-0.187506506175019	2.18525917521673
1215	2	1215	1	36	715	2	L2	S1	0.9	R3	control	6.40689523410183	1.81716715504452	-0.0829926586688107
1216	2	1216	1	48	716	2	L1	S2	0.9	R2	control	-1.71707150522996	0.345385796169433	2.21558794910213
1217	2	1217	1	1	717	1	L1	S2	0.75	R1	control	3.62901767004839	-0.573751941595385	-1.58868184541044
1218	2	1218	1	38	718	2	L1	S2	0.7	R1	control	1.04337548980693	2.00197680998051	0.779412549617702
1219	2	1219	1	32	719	2	L2	S3	0.9	R3	control	0.230280523354826	0.262798340724355	-0.204297574086797
1220	2	1220	1	22	720	1	L2	S1	0.9	R1	control	1.27163546542351	0.288530988385287	2.09694282537432
1221	2	1221	1	6	721	1	L2	S1	0.75	R3	control	1.42150678847119	2.5740225325898	1.78890124983035
1222	2	1222	1	36	722	1	L1	S3	0.9	R2	control	1.01190255049682	-0.190149115488161	0.690155546660202
1223	2	1223	1	37	723	2	L2	S2	0.9	R3	control	2.53409534799948	0.6728285411444	1.88052426865128
1224	2	1224	1	41	724	1	L2	S2	0.9	R2	control	-2.35517271474211	1.15140600821309	1.93890698292175
1225	2	1225	1	12	725	1	L1	S1	0.7	R1	control	1.90688154735206	0.627335439212925	0.255681372004043
1226	2	1226	1	22	726	2	L2	S2	0.7	R3	control	5.41153270303001	0.0802647835967481	-0.828538930419369
1227	2	1227	1	22	727	2	L1	S3	0.75	R3	control	-0.874137643646154	-1.16746469590086	-0.425261448026278
1228	2	1228	1	19	728	1	L2	S3	0.7	R3	control	1.13550037272874	3.13032294854189	-0.376180329070113
1229	2	1229	1	36	729	2	L1	S1	0.9	R3	control	3.24467560274977	1.88635078263365	1.18306027249067
1230	2	1230	1	37	730	2	L1	S2	0.75	R1	control	2.17661248401777	-0.264466452419693	0.338996598327646
1231	2	1231	1	11	731	2	L2	S2	0.9	R1	control	3.32153346442361	-0.420147084482703	0.34167129170425
1232	2	1232	1	34	732	1	L2	S1	0.75	R3	control	0.748416391036461	0.249839368579216	0.0855312238555064
1233	2	1233	1	1	733	2	L1	S3	0.7	R2	control	0.835556991435615	-1.6866132592526	1.09078016812868
1234	2	1234	1	19	734	2	L1	S3	0.7	R1	control	-0.151411912552729	1.63788384545894	-0.715052548104141
1235	2	1235	1	47	735	1	L1	S1	0.9	R3	control	-0.419450298008968	-0.91218974249329	-1.11983662892423
1236	2	1236	1	23	736	1	L1	S2	0.7	R1	control	0.513431113999159	0.47836790037427	1.80101580269308
1237	2	1237	1	14	737	2	L2	S3	0.7	R3	control	1.77938251215476	4.12627039824509	0.320427672784207
1238	2	1238	1	36	738	1	L2	S2	0.9	R2	control	0.313479783889032	-0.76657012268027	0.705657754962049
1239	2	1239	1	34	739	2	L2	S1	0.7	R1	control	3.69346842848906	0.335365048841512	-0.596112324668088
1240	2	1240	1	42	740	1	L2	S1	0.7	R2	control	3.11811955366429	-2.14548467283459	0.739772595957647
1241	2	1241	1	18	741	1	L1	S2	0.75	R2	control	-3.40792719601773	2.01885628129783	-0.620104508776171
1242	2	1242	1	16	742	2	L1	S2	0.75	R3	control	2.05987735885152	0.302224235432288	0.518641106687703
1243	2	1243	1	45	743	1	L1	S1	0.75	R1	control	-4.20532305863058	-1.02396966035212	1.95961258649948
1244	2	1244	1	32	744	1	L2	S3	0.9	R2	control	-0.240667407083325	-0.601526816513095	-1.73116522304461
1245	2	1245	1	22	745	1	L2	S2	0.75	R2	control	2.20065193829163	0.601600686359654	0.963611379795872
1246	2	1246	1	41	746	2	L1	S2	0.9	R2	control	-1.39050901624827	0.519606801604541	1.54550283592187
1247	2	1247	1	10	747	2	L1	S2	0.9	R1	case	-1.658793451843	-1.33330471098456	-1.23930256025432
1248	2	1248	1	13	748	2	L2	S2	0.75	R2	control	-0.153919092114643	0.18128757765961	-0.72677566948173
1249	2	1249	1	22	749	1	L1	S1	0.7	R3	control	-1.45976611117095	-1.21339561179423	0.811901080596389
1250	2	1250	1	27	750	2	L2	S3	0.75	R1	control	0.080978816133109	-0.967220888360237	1.28620975457595
1251	2	1251	1	45	751	1	L1	S2	0.75	R1	control	1.76870212374885	-0.584422541797569	1.41627560195533
1252	2	1252	1	26	752	1	L2	S3	0.7	R2	control	2.51636084242726	0.737051288715008	1.37486643939537
1253	2	1253	1	23	753	1	L1	S2	0.75	R2	control	1.23587335385222	1.26164953319081	2.36901088126383
1254	2	1254	1	6	754	1	L1	S3	0.7	R2	control	1.29235199412631	1.66609795151891	1.33289433246227
1255	2	1255	1	23	755	2	L1	S1	0.7	R2	control	-0.133192745031666	2.15784028222263	1.17411603276967
1256	2	1256	1	33	756	1	L1	S1	0.7	R1	control	0.378396680521388	-2.0567907722176	0.282130824792
1257	2	1257	1	43	757	2	L2	S2	0.9	R1	control	-0.539011660636534	1.4355772059536	1.31646120440533
1258	2	1258	1	17	758	1	L2	S1	0.9	R1	control	2.70139078008513	0.0778110068643583	2.10438934253771
1259	2	1259	1	2	759	2	L2	S2	0.9	R1	control	3.492860596164	1.30900762060891	3.17719564715915
1260	2	1260	1	1	760	1	L2	S1	0.9	R2	control	0.360688715666439	1.28584243801069	-0.598607439881931
1261	2	1261	1	47	761	1	L1	S2	0.75	R2	control	1.36732851673224	-1.40656360657309	0.587295628113666
1262	2	1262	1	7	762	2	L1	S3	0.7	R1	control	-1.272176778583	-0.516901209520714	2.07596166009963
1263	2	1263	1	14	763	1	L1	S2	0.7	R1	control	1.95005692854547	-1.5081287169561	0.168935839050881
1264	2	1264	1	13	764	1	L2	S1	0.75	R2	control	0.95354513787536	0.902588742898007	0.700866545343668
1265	2	1265	1	8	765	2	L1	S2	0.7	R1	control	-2.73646465794831	0.829583439731437	0.748129459350743
1266	2	1266	1	25	766	2	L2	S3	0.7	R2	control	2.01885452926526	-0.0628824236940183	1.18931734863345
1267	2	1267	1	43	767	1	L2	S2	0.9	R3	control	1.88601696542929	0.509324072146933	0.733764670413481
1268	2	1268	1	36	768	1	L1	S1	0.75	R1	control	1.07949553317807	0.968611190155928	1.40041418268449
1269	2	1269	1	35	769	1	L2	S3	0.75	R3	control	3.86814732416541	1.28448679747493	1.09828721344481
1270	2	1270	1	15	770	2	L2	S3	0.75	R2	control	1.46974249813068	1.02345781389272	1.37944946518355
1271	2	1271	1	12	771	1	L1	S1	0.7	R1	control	-0.336628612524357	0.682885855478931	2.6288820708422
1272	2	1272	1	38	772	2	L2	S1	0.75	R1	control	0.793127065524821	0.704502591106628	1.13707109805189
1273	2	1273	1	22	773	2	L2	S1	0.7	R3	control	1.007018093061	0.292254337866638	0.88609744189746
1274	2	1274	1	29	774	2	L1	S3	0.9	R3	control	0.769191105887487	3.21855846061811	0.874574774062212
1275	2	1275	1	32	775	1	L2	S3	0.7	R1	control	1.84038726193913	2.26062291815377	-0.178420580378972
1276	2	1276	1	10	776	2	L2	S1	0.9	R3	control	0.879088952829694	-1.51264048925467	-1.69522088656509
1277	2	1277	1	40	777	2	L2	S2	0.75	R1	control	0.0949220606438186	-0.0298509556981397	-0.214496592864225
1278	2	1278	1	12	778	2	L1	S3	0.75	R2	control	0.342486879843293	-0.838846017647155	2.054550942226
1279	2	1279	1	48	779	1	L1	S1	0.75	R3	control	0.470031156919749	-0.320119138261557	1.44586603702288
1280	2	1280	1	24	780	2	L1	S3	0.75	R1	control	0.259027155080256	2.4815482623996	0.362215145454746
1281	2	1281	1	23	781	2	L1	S2	0.75	R2	control	2.04169053416499	-0.52579520885731	2.70956700431541
1282	2	1282	1	16	782	2	L2	S1	0.75	R1	control	0.315928308352517	-0.797701111701572	2.34462679451404
1283	2	1283	1	29	783	2	L2	S3	0.75	R2	control	-0.988630656760181	1.77886183290317	0.936078381833516
1284	2	1284	1	4	784	2	L2	S3	0.9	R1	control	-2.46797607891531	0.847596724894912	0.213346226942597
1285	2	1285	1	31	785	2	L1	S1	0.7	R3	control	0.942550774914243	-0.209306493274624	0.0078994780852318
1286	2	1286	1	21	786	1	L2	S3	0.7	R3	control	1.07254345838105	2.44819969656136	-0.503875899710602
1287	2	1287	1	15	787	2	L1	S2	0.9	R3	control	2.07606811706348	-0.197077118364675	-0.576203610386889
1288	2	1288	1	27	788	1	L1	S3	0.9	R1	control	3.18096596023075	-0.781198578505069	1.27091320857376
1289	2	1289	1	10	789	1	L2	S3	0.9	R1	control	-1.74617518584061	-0.68116638429704	1.91806753197648
1290	2	1290	1	22	790	2	L1	S1	0.7	R1	control	0.749291075905771	-1.64609274402754	1.33346073142802
1291	2	1291	1	25	791	2	L1	S1	0.9	R2	control	-0.245567908650995	-0.747694948877756	0.8067971368055
1292	2	1292	1	4	792	2	L1	S2	0.7	R2	control	0.266332463746029	1.59608303131365	2.69810548858886
1293	2	1293	1	41	793	1	L1	S2	0.9	R1	control	-1.47799664421384	-0.689634436629735	1.17150979702982
1294	2	1294	1	16	794	1	L2	S3	0.75	R3	control	1.62040905777839	0.92532086667803	1.17051301519194
1295	2	1295	1	13	795	1	L2	S3	0.9	R1	control	1.8170380907198	0.387577286903704	0.203615984332418
1296	2	1296	1	17	796	1	L1	S2	0.75	R3	control	0.740903217317929	1.15260238716034	0.513154619112103
1297	2	1297	1	36	797	1	L1	S3	0.75	R1	control	0.149197627851431	1.05201929727515	0.778274352144327
1298	2	1298	1	26	798	1	L1	S3	0.75	R2	control	1.27537178787334	0.664921632688443	1.63940027408942
1299	2	1299	1	41	799	2	L1	S3	0.9	R2	control	-1.70913390259733	-1.52807901957846	0.808505177622275
1300	2	1300	1	17	800	2	L1	S2	0.75	R1	control	-0.604989684572231	-1.94472027548805	1.08672032000938
1301	2	1301	1	24	801	2	L2	S1	0.75	R3	control	4.81295651806088	-0.413647002282307	-0.780532795498867
1302	2	1302	1	48	802	2	L2	S1	0.75	R1	control	-1.02659918814999	-0.588249048779019	0.363340491322106
1303	2	1303	1	33	803	2	L1	S1	0.7	R1	control	-0.877690860910798	-1.2610777686779	-1.33418713446531
1304	2	1304	1	45	804	1	L2	S3	0.9	R1	control	1.30444734471979	-0.0517151900286736	1.28504583716155
1305	2	1305	1	43	805	1	L1	S1	0.75	R2	control	1.13402088344132	-0.00300462288661923	1.69272975146731
1306	2	1306	1	16	806	2	L1	S2	0.9	R1	control	-3.81746577244808	-0.325718433064826	-0.554769574349506
1307	2	1307	1	22	807	2	L2	S2	0.75	R1	control	2.98373382001963	1.55123948175975	1.3846896015736
1308	2	1308	1	15	808	2	L1	S3	0.7	R3	control	2.61309236649653	-0.296847235983175	1.23477628137365
1309	2	1309	1	7	809	1	L2	S1	0.7	R1	control	0.348988839775828	-0.653127347535347	1.34863941790298
1310	2	1310	1	18	810	2	L2	S1	0.75	R3	control	2.70827923753639	-0.343275758235954	0.679482818044007
1311	2	1311	1	3	811	1	L2	S3	0.75	R2	control	-1.23897306698592	0.909074980235135	2.45273410548807
1312	2	1312	1	37	812	1	L2	S1	0.9	R1	control	0.240103828741406	-1.51982500799749	1.04740768880142
1313	2	1313	1	12	813	1	L1	S3	0.7	R2	control	-0.384732217047157	-1.18835458239944	0.0233780546757816
1314	2	1314	1	8	814	1	L1	S1	0.75	R3	control	1.28213259846674	0.192187787751489	0.253740354442836
1315	2	1315	1	10	815	1	L1	S1	0.75	R3	control	0.164007925332777	0.052322852201605	-0.528727735166878
1316	2	1316	1	19	816	2	L2	S1	0.9	R2	control	0.94702425005783	0.700003444924107	2.76333043642801
1317	2	1317	1	34	817	2	L1	S3	0.75	R2	control	-0.00726281527881972	-0.431788160974279	0.984129662239222
1318	2	1318	1	20	818	2	L2	S1	0.9	R3	control	0.876369200950951	2.97992389237549	-1.38465603166103
1319	2	1319	1	6	819	1	L1	S3	0.75	R1	control	1.8237075743332	1.45138359688427	0.294020893859326
1320	2	1320	1	11	820	2	L2	S3	0.9	R2	control	-0.976338203007429	0.502014750344059	1.91510722377692
1321	2	1321	1	25	821	1	L2	S3	0.9	R3	control	0.139437277909298	-2.00520066574021	0.705039694456739
1322	2	1322	1	25	822	2	L2	S1	0.7	R3	control	0.11523239363618	-0.239892347789339	1.05303677981821
1323	2	1323	1	30	823	2	L2	S3	0.9	R3	control	-0.249178397995571	1.67522281813236	0.104656330450764
1324	2	1324	1	17	824	1	L1	S3	0.9	R3	control	0.915592383044732	0.24549119460695	1.16027972926635
1325	2	1325	1	49	825	2	L2	S3	0.75	R1	control	-0.917081521711075	-0.601748352709277	2.39547390552664
1326	2	1326	1	40	826	1	L1	S2	0.75	R1	control	1.00650325837275	1.59952019637472	0.868143654696085
1327	2	1327	1	28	827	1	L1	S3	0.9	R3	control	0.562701303089119	1.08575295806155	-1.20919358420271
1328	2	1328	1	2	828	2	L2	S3	0.75	R2	control	0.656444639559167	1.39900939022759	3.57710123948303
1329	2	1329	1	47	829	2	L2	S2	0.9	R2	control	0.5742510533843	0.000237818610138468	1.98082750386934
1330	2	1330	1	27	830	2	L1	S3	0.75	R2	control	-2.14494216739773	-1.22113445093262	-1.54524768096074
1331	2	1331	1	42	831	2	L1	S2	0.7	R3	control	1.28217358586512	2.38488812496283	0.726803188154162
1332	2	1332	1	17	832	1	L2	S2	0.75	R1	case	-0.704820246023459	1.67816281531817	0.0355881582901479
1333	2	1333	1	50	833	1	L2	S3	0.75	R2	control	1.35755195257496	-0.428183598034114	0.985219811196519
1334	2	1334	1	18	834	2	L1	S3	0.7	R2	control	1.49202178346414	1.49051418260834	-0.144945286138166
1335	2	1335	1	3	835	1	L2	S1	0.9	R1	control	1.07883220864408	0.165376291064127	3.32345776751083
1336	2	1336	1	41	836	2	L1	S3	0.9	R2	control	0.52028338802155	0.768493425176933	1.23389038093398
1337	2	1337	1	18	837	1	L2	S3	0.75	R3	control	-0.108396270724711	1.48534781918933	0.162628897960502
1338	2	1338	1	2	838	1	L1	S1	0.9	R1	control	1.98918353450329	3.30877251867139	3.3429849670654
1339	2	1339	1	17	839	1	L1	S1	0.9	R1	control	0.63499305943302	1.04968831015128	0.00881910179639254
1340	2	1340	1	45	840	2	L1	S2	0.75	R1	control	1.48878314433903	2.59870896177861	2.78135520513942
1341	2	1341	1	5	841	2	L2	S1	0.75	R3	control	0.460761072699853	2.62774702872794	0.617747718398156
1342	2	1342	1	23	842	1	L2	S2	0.7	R3	control	1.77209680215204	2.94793681645241	0.946811331094371
1343	2	1343	1	20	843	1	L2	S1	0.75	R1	control	3.01642668642149	-1.0509041327155	0.866179577356434
1344	2	1344	1	13	844	1	L2	S2	0.7	R3	control	3.20496352221941	0.732142329054086	0.140835429592647
1345	2	1345	1	3	845	1	L1	S1	0.75	R3	control	3.30560547568367	-1.42881243241064	-1.42643610581728
1346	2	1346	1	47	846	1	L2	S3	0.7	R3	control	1.66850439910233	2.47966123416	-0.124594394847392
1347	2	1347	1	36	847	1	L1	S3	0.9	R3	control	1.99070258945387	2.21734520911099	0.498783548154794
1348	2	1348	1	11	848	2	L1	S1	0.7	R3	control	2.00453758622782	2.26797344462901	-1.60818841474819
1349	2	1349	1	46	849	2	L2	S3	0.7	R2	control	-1.98631686848617	-0.0389227040373973	1.38557657264054
1350	2	1350	1	45	850	2	L2	S2	0.75	R1	control	-0.437206780503297	1.18592437418915	4.65395995062458
1351	2	1351	1	48	851	1	L2	S2	0.7	R3	control	0.460997100999432	2.04510478772141	-1.80935259114179
1352	2	1352	1	9	852	1	L1	S3	0.7	R1	control	-1.0943360670285	-1.21487914887906	0.646944711770097
1353	2	1353	1	49	853	1	L2	S2	0.9	R1	control	-2.37417371342424	0.707971453062182	0.82410562583502
1354	2	1354	1	34	854	1	L2	S2	0.7	R1	control	-0.220506516912867	-0.935206828756629	0.301671153541908
1355	2	1355	1	17	855	1	L1	S2	0.9	R2	control	-0.159358007143612	-0.884917104761561	3.07327344651088
1356	2	1356	1	36	856	2	L1	S2	0.75	R3	control	2.07678602027196	1.96361386782404	0.405214741911088
1357	2	1357	1	36	857	1	L2	S3	0.75	R1	control	2.8182619657433	1.18317147329671	2.35669882256383
1358	2	1358	1	5	858	2	L2	S1	0.7	R2	control	0.299126441293565	-1.02719485916437	0.190039276140661
1359	2	1359	1	17	859	1	L1	S1	0.75	R1	control	0.94265449309829	0.0404419227020552	1.77684717148511
1360	2	1360	1	5	860	1	L2	S2	0.7	R3	control	0.325893318250088	0.139330039234721	0.52097385433369
1361	2	1361	1	1	861	1	L1	S1	0.75	R2	control	1.83376162227832	0.915490063416427	-0.0231915028821402
1362	2	1362	1	40	862	2	L1	S2	0.75	R2	control	0.892820429571581	0.337475238825796	1.50911924624622
1363	2	1363	1	14	863	1	L1	S3	0.75	R2	control	-0.801546092880481	0.411010622953403	0.0221728005617427
1364	2	1364	1	43	864	2	L1	S3	0.7	R3	control	1.80479538350172	1.98977904346202	0.247647875565554
1365	2	1365	1	41	865	1	L2	S1	0.9	R2	control	1.14897898534881	-1.56537195624861	0.734447934538216
1366	2	1366	1	50	866	1	L2	S3	0.7	R1	control	0.484354379992852	1.73863465366002	1.00001394861914
1367	2	1367	1	20	867	2	L1	S2	0.9	R1	control	0.781874189408201	-0.759685954478284	-0.344849250442446
1368	2	1368	1	8	868	1	L1	S3	0.75	R1	control	0.857253194458077	-1.24372340112246	-0.706229700862044
1369	2	1369	1	3	869	2	L2	S3	0.7	R1	control	2.42764632310232	0.456696763043491	3.20646959684507
1370	2	1370	1	10	870	2	L1	S2	0.7	R2	control	0.680447441915844	-0.727651197705748	-0.413689629987339
1371	2	1371	1	16	871	2	L2	S2	0.7	R2	control	0.67806916400171	1.99603410936486	2.91642203618432
1372	2	1372	1	27	872	2	L1	S1	0.9	R2	control	1.91000599664876	-0.477318293035856	-0.278140400449343
1373	2	1373	1	23	873	2	L2	S2	0.7	R3	control	0.549543353082699	1.82475571803057	0.347658205862839
1374	2	1374	1	15	874	2	L1	S2	0.75	R2	control	-1.52371549508918	-0.424655094515048	-0.477856092007828
1375	2	1375	1	25	875	1	L1	S3	0.75	R1	control	0.207236914728429	1.46237724630326	1.47514142145777
1376	2	1376	1	7	876	1	L2	S1	0.75	R3	control	1.64591213950686	0.277648069412253	2.76639188132199
1377	2	1377	1	13	877	1	L1	S1	0.7	R1	control	-0.613372114170739	0.634142979190218	1.75330499782364
1378	2	1378	1	47	878	2	L2	S2	0.75	R2	control	2.3831812642683	2.41967105727268	1.55773591352755
1379	2	1379	1	40	879	2	L2	S2	0.7	R1	control	2.10776940484304	1.58442282617341	-0.510772363916819
1380	2	1380	1	36	880	2	L2	S1	0.7	R1	control	0.0374361965572349	1.78051976516583	2.19810281307111
1381	2	1381	1	41	881	2	L2	S3	0.7	R3	control	-0.16725541432021	1.04556425675303	-0.793233932026975
1382	2	1382	1	45	882	2	L2	S1	0.75	R1	control	4.65438288739758	-0.0722624498656952	0.436803106014183
1383	2	1383	1	46	883	1	L1	S3	0.75	R3	control	1.89540128895258	1.59277949880073	2.61309457794585
1384	2	1384	1	12	884	1	L1	S2	0.7	R1	control	1.62106172905895	1.77323801801171	1.44740582831778
1385	2	1385	1	31	885	2	L2	S1	0.9	R3	control	-2.10541757748467	2.38676575187268	-1.22770278621031
1386	2	1386	1	11	886	1	L1	S1	0.7	R3	control	2.22373978439249	1.77951920137757	-0.272065682572455
1387	2	1387	1	36	887	2	L1	S3	0.9	R2	control	2.68575927021561	0.966878840334992	2.87558116324786
1388	2	1388	1	25	888	1	L2	S3	0.75	R3	control	3.46160159207185	2.02467713691841	1.39474789522689
1389	2	1389	1	16	889	2	L1	S1	0.7	R1	control	-0.894810712528077	-1.24752016213686	1.4022020679294
1390	2	1390	1	42	890	1	L1	S2	0.7	R1	control	-0.225221269143496	-0.138503249550425	0.207340535047418
1391	2	1391	1	46	891	2	L1	S2	0.9	R2	control	-2.91373327451801	0.593711237294033	-0.678838610268145
1392	2	1392	1	30	892	2	L1	S2	0.75	R2	control	1.786465866228	1.75952211812813	1.33375508083412
1393	2	1393	1	49	893	2	L1	S2	0.9	R3	control	0.146517939822334	2.67365303148501	0.755987337952595
1394	2	1394	1	35	894	2	L1	S2	0.75	R3	control	2.91120422027867	1.58059649583285	0.0660119043659257
1395	2	1395	1	39	895	1	L1	S1	0.75	R2	control	-0.170286936754647	-1.18742897498828	1.1671971013617
1396	2	1396	1	30	896	2	L1	S2	0.9	R1	control	2.83253575882149	-0.421770249145538	0.357591620527502
1397	2	1397	1	4	897	2	L2	S3	0.75	R3	control	1.69598930134659	1.61458498347536	2.33492543837609
1398	2	1398	1	17	898	1	L2	S3	0.7	R3	control	3.31220004059863	0.547853425701579	0.604602430017018
1399	2	1399	1	50	899	2	L2	S2	0.75	R1	control	2.19688977531001	0.816188962553427	0.411640272990502
1400	2	1400	1	17	900	2	L1	S2	0.7	R1	control	-0.0322567441786861	3.13878200868821	0.703488225825694
